9326871.1.jpg 1 24 45 127 127
9326871.10.jpg 1 26 44 125 125
9326871.11.jpg 1 30 41 122 122
9326871.12.jpg 1 30 42 122 122
9326871.13.jpg 1 31 43 122 122
9326871.14.jpg 1 29 43 125 125
9326871.15.jpg 1 31 40 125 125
9326871.16.jpg 1 31 41 123 123
9326871.17.jpg 1 28 42 124 124
9326871.18.jpg 1 29 42 124 124
9326871.19.jpg 1 30 42 123 123
9326871.20.jpg 1 28 41 126 126
9326871.3.jpg 1 28 46 124 124
9326871.4.jpg 1 31 48 121 121
9326871.5.jpg 1 30 48 122 122
9326871.6.jpg 1 27 46 124 124
9326871.7.jpg 1 28 46 123 123
9326871.8.jpg 1 28 47 123 123
9326871.9.jpg 1 27 44 125 125
9332898.1.jpg 1 22 62 122 122
9332898.12.jpg 1 24 62 121 121
9332898.13.jpg 1 24 59 121 121
9332898.14.jpg 1 23 58 122 122
9332898.15.jpg 1 24 61 120 120
9332898.16.jpg 1 24 59 120 120
9332898.17.jpg 1 25 61 120 120
9332898.18.jpg 1 26 59 120 120
9332898.19.jpg 1 26 57 123 123
9332898.2.jpg 1 25 64 118 118
9332898.20.jpg 1 27 59 119 119
9332898.3.jpg 1 24 63 118 118
9332898.4.jpg 1 23 64 119 119
9332898.5.jpg 1 22 64 117 117
9332898.6.jpg 1 24 64 118 118
9332898.7.jpg 1 23 64 118 118
9332898.8.jpg 1 23 63 119 119
9332898.9.jpg 1 25 65 117 117
9336923.1.jpg 1 44 43 123 123
9336923.10.jpg 1 48 41 117 117
9336923.11.jpg 1 48 38 120 120
9336923.12.jpg 1 51 41 119 119
9336923.13.jpg 1 47 38 121 121
9336923.14.jpg 1 45 39 122 122
9336923.15.jpg 1 46 43 121 121
9336923.16.jpg 1 48 41 119 119
9336923.17.jpg 1 46 39 121 121
9336923.18.jpg 1 46 39 122 122
9336923.19.jpg 1 45 42 122 122
9336923.2.jpg 1 42 39 125 125
9336923.20.jpg 1 42 40 125 125
9336923.3.jpg 1 43 39 123 123
9336923.4.jpg 1 50 39 119 119
9336923.5.jpg 1 51 41 119 119
9336923.6.jpg 1 50 42 118 118
9336923.7.jpg 1 47 40 120 120
9336923.8.jpg 1 46 38 122 122
9336923.9.jpg 1 46 39 120 120
9336923.jpg 1 44 43 123 123
9338446.1.jpg 1 38 57 124 124
9338446.11.jpg 1 22 47 137 137
9338446.12.jpg 1 28 54 131 131
9338446.13.jpg 1 29 54 132 132
9338446.14.jpg 1 30 49 134 134
9338446.15.jpg 1 32 50 129 129
9338446.16.jpg 1 34 42 130 130
9338446.17.jpg 1 37 46 130 130
9338446.18.jpg 1 39 51 126 126
9338446.19.jpg 1 37 52 130 130
9338446.2.jpg 1 38 55 125 125
9338446.20.jpg 1 37 54 130 130
9338446.3.jpg 1 38 56 124 124
9338446.4.jpg 1 34 55 125 125
9338446.5.jpg 1 34 54 125 125
9338446.6.jpg 1 31 54 128 128
9338446.7.jpg 1 32 54 128 128
9338446.8.jpg 1 33 54 129 129
9338446.9.jpg 1 32 47 130 130
9338454.1.jpg 1 29 50 127 127
9338454.10.jpg 1 32 50 126 126
9338454.11.jpg 1 32 52 127 127
9338454.12.jpg 1 34 54 124 124
9338454.13.jpg 1 33 53 126 126
9338454.14.jpg 1 32 52 128 128
9338454.15.jpg 1 34 55 126 126
9338454.16.jpg 1 33 54 126 126
9338454.17.jpg 1 32 54 126 126
9338454.18.jpg 1 35 54 125 125
9338454.19.jpg 1 35 55 125 125
9338454.2.jpg 1 29 49 129 129
9338454.20.jpg 1 35 54 125 125
9338454.3.jpg 1 29 50 127 127
9338454.4.jpg 1 28 49 129 129
9338454.5.jpg 1 30 50 128 128
9338454.6.jpg 1 30 51 127 127
9338454.7.jpg 1 32 51 124 124
9338454.8.jpg 1 32 54 126 126
9338454.9.jpg 1 31 51 126 126
9338462.1.jpg 1 14 49 134 134
9338462.10.jpg 1 16 47 135 135
9338462.11.jpg 1 15 44 135 135
9338462.12.jpg 1 14 45 136 136
9338462.13.jpg 1 16 47 134 134
9338462.14.jpg 1 16 48 134 134
9338462.15.jpg 1 14 47 136 136
9338462.16.jpg 1 16 49 134 134
9338462.17.jpg 1 16 49 134 134
9338462.18.jpg 1 16 50 134 134
9338462.19.jpg 1 17 48 135 135
9338462.2.jpg 1 14 49 133 133
9338462.20.jpg 1 18 47 136 136
9338462.3.jpg 1 13 45 134 134
9338462.4.jpg 1 14 46 135 135
9338462.5.jpg 1 14 44 138 138
9338462.6.jpg 1 15 49 133 133
9338462.7.jpg 1 15 48 135 135
9338462.8.jpg 1 15 48 136 136
9338462.9.jpg 1 14 48 136 136
9338489.10.jpg 1 32 46 127 127
9338489.11.jpg 1 32 47 124 124
9338489.12.jpg 1 26 46 128 128
9338489.13.jpg 1 27 45 128 128
9338489.14.jpg 1 22 43 132 132
9338489.15.jpg 1 21 42 130 130
9338489.16.jpg 1 15 41 130 130
9338489.17.jpg 1 17 41 133 133
9338489.18.jpg 1 17 44 132 132
9338489.19.jpg 1 16 44 130 130
9338489.2.jpg 1 29 48 127 127
9338489.20.jpg 1 16 47 126 126
9338489.3.jpg 1 28 45 127 127
9338489.4.jpg 1 28 47 125 125
9338489.5.jpg 1 30 46 126 126
9338489.6.jpg 1 31 47 126 126
9338489.7.jpg 1 31 47 126 126
9338489.8.jpg 1 31 48 125 125
9338489.9.jpg 1 32 47 126 126
9338497.1.jpg 1 21 38 129 129
9338497.10.jpg 1 22 35 131 131
9338497.11.jpg 1 22 35 130 130
9338497.12.jpg 1 23 36 130 130
9338497.13.jpg 1 23 36 129 129
9338497.14.jpg 1 24 36 130 130
9338497.15.jpg 1 23 36 130 130
9338497.16.jpg 1 26 37 127 127
9338497.17.jpg 1 24 36 129 129
9338497.18.jpg 1 24 37 128 128
9338497.19.jpg 1 23 36 129 129
9338497.2.jpg 1 21 38 129 129
9338497.20.jpg 1 22 36 129 129
9338497.3.jpg 1 22 39 127 127
9338497.4.jpg 1 22 39 128 128
9338497.5.jpg 1 20 37 130 130
9338497.6.jpg 1 21 38 128 128
9338497.7.jpg 1 23 38 128 128
9338497.8.jpg 1 23 39 128 128
9338497.9.jpg 1 21 37 129 129
9338519.1.jpg 1 18 46 133 133
9338519.10.jpg 1 21 48 130 130
9338519.11.jpg 1 20 49 131 131
9338519.12.jpg 1 22 50 129 129
9338519.13.jpg 1 21 48 130 130
9338519.14.jpg 1 22 48 130 130
9338519.15.jpg 1 23 49 129 129
9338519.16.jpg 1 22 49 129 129
9338519.17.jpg 1 22 49 129 129
9338519.18.jpg 1 22 47 131 131
9338519.19.jpg 1 22 49 130 130
9338519.2.jpg 1 17 46 132 132
9338519.20.jpg 1 22 48 130 130
9338519.3.jpg 1 18 47 132 132
9338519.4.jpg 1 18 47 132 132
9338519.5.jpg 1 18 46 133 133
9338519.6.jpg 1 19 47 134 134
9338519.7.jpg 1 19 50 131 131
9338519.8.jpg 1 20 52 129 129
9338519.9.jpg 1 20 49 132 132
9338527.1.jpg 1 19 65 116 116
9338527.10.jpg 1 25 59 120 120
9338527.11.jpg 1 29 60 117 117
9338527.12.jpg 1 27 59 116 116
9338527.13.jpg 1 25 60 117 117
9338527.14.jpg 1 25 60 118 118
9338527.15.jpg 1 23 60 119 119
9338527.16.jpg 1 23 59 120 120
9338527.17.jpg 1 29 59 118 118
9338527.18.jpg 1 29 60 119 119
9338527.19.jpg 1 28 59 119 119
9338527.2.jpg 1 19 64 116 116
9338527.20.jpg 1 30 60 118 118
9338527.3.jpg 1 19 65 115 115
9338527.4.jpg 1 20 66 115 115
9338527.5.jpg 1 19 66 116 116
9338527.6.jpg 1 21 66 117 117
9338527.7.jpg 1 25 66 116 116
9338527.8.jpg 1 25 67 114 114
9338527.9.jpg 1 24 62 116 116
9338535.1.jpg 1 49 54 112 112
9338535.10.jpg 1 52 45 110 110
9338535.11.jpg 1 45 47 115 115
9338535.12.jpg 1 46 51 115 115
9338535.13.jpg 1 44 52 114 114
9338535.14.jpg 1 40 52 117 117
9338535.15.jpg 1 42 52 117 117
9338535.16.jpg 1 44 52 115 115
9338535.17.jpg 1 42 51 117 117
9338535.18.jpg 1 47 52 113 113
9338535.19.jpg 1 45 51 115 115
9338535.2.jpg 1 48 54 114 114
9338535.20.jpg 1 44 50 115 115
9338535.3.jpg 1 50 56 111 111
9338535.4.jpg 1 47 54 114 114
9338535.5.jpg 1 47 54 113 113
9338535.6.jpg 1 45 54 115 115
9338535.7.jpg 1 48 55 112 112
9338535.8.jpg 1 48 54 113 113
9338535.9.jpg 1 45 50 114 114
9338535.jpg 1 49 54 112 112
9338543.1.jpg 1 25 53 132 132
9338543.10.jpg 1 30 56 128 128
9338543.11.jpg 1 35 55 125 125
9338543.12.jpg 1 53 70 117 117
9338543.14.jpg 1 35 62 123 123
9338543.16.jpg 1 15 68 123 123
9338543.17.jpg 1 22 64 125 125
9338543.18.jpg 1 18 70 123 123
9338543.2.jpg 1 26 55 129 129
9338543.20.jpg 1 19 70 123 123
9338543.3.jpg 1 24 56 130 130
9338543.4.jpg 1 22 57 129 129
9338543.5.jpg 1 25 58 128 128
9338543.6.jpg 1 25 57 128 128
9338543.7.jpg 1 28 60 125 125
9338543.8.jpg 1 29 60 127 127
9338543.9.jpg 1 31 55 126 126
9414649.1.jpg 1 26 59 121 121
9414649.10.jpg 1 25 59 124 124
9414649.11.jpg 1 26 61 118 118
9414649.12.jpg 1 26 61 119 119
9414649.13.jpg 1 26 60 121 121
9414649.14.jpg 1 26 58 122 122
9414649.15.jpg 1 26 59 121 121
9414649.16.jpg 1 30 62 119 119
9414649.17.jpg 1 27 58 122 122
9414649.18.jpg 1 25 58 125 125
9414649.19.jpg 1 29 61 121 121
9414649.2.jpg 1 26 61 119 119
9414649.20.jpg 1 27 58 123 123
9414649.3.jpg 1 27 62 116 116
9414649.4.jpg 1 27 62 117 117
9414649.5.jpg 1 26 60 119 119
9414649.6.jpg 1 26 61 119 119
9414649.7.jpg 1 26 62 118 118
9414649.8.jpg 1 28 64 118 118
9414649.9.jpg 1 27 63 118 118
9416994.1.jpg 1 33 57 120 120
9416994.10.jpg 1 34 60 117 117
9416994.11.jpg 1 36 46 123 123
9416994.12.jpg 1 32 49 123 123
9416994.13.jpg 1 29 56 122 122
9416994.14.jpg 1 35 55 119 119
9416994.15.jpg 1 37 59 119 119
9416994.16.jpg 1 35 59 118 118
9416994.17.jpg 1 34 66 116 116
9416994.18.jpg 1 35 62 119 119
9416994.19.jpg 1 41 68 117 117
9416994.2.jpg 1 34 57 119 119
9416994.20.jpg 1 27 61 119 119
9416994.3.jpg 1 33 57 120 120
9416994.4.jpg 1 35 57 119 119
9416994.5.jpg 1 33 57 121 121
9416994.6.jpg 1 34 57 120 120
9416994.7.jpg 1 34 58 119 119
9416994.9.jpg 1 35 60 118 118
admars.1.jpg 1 24 47 128 128
admars.10.jpg 1 25 44 126 126
admars.11.jpg 1 25 44 127 127
admars.12.jpg 1 26 44 126 126
admars.13.jpg 1 25 42 129 129
admars.14.jpg 1 27 45 124 124
admars.15.jpg 1 24 42 128 128
admars.16.jpg 1 23 41 130 130
admars.17.jpg 1 24 41 129 129
admars.18.jpg 1 24 42 127 127
admars.19.jpg 1 24 41 129 129
admars.2.jpg 1 26 49 127 127
admars.20.jpg 1 24 42 129 129
admars.3.jpg 1 23 48 130 130
admars.4.jpg 1 22 49 127 127
admars.5.jpg 1 22 47 130 130
admars.6.jpg 1 24 47 128 128
admars.7.jpg 1 22 47 129 129
admars.8.jpg 1 23 46 129 129
admars.9.jpg 1 23 45 129 129
ahodki.1.jpg 1 26 51 124 124
ahodki.10.jpg 1 23 44 128 128
ahodki.11.jpg 1 26 46 126 126
ahodki.12.jpg 1 27 46 124 124
ahodki.13.jpg 1 24 48 125 125
ahodki.14.jpg 1 26 47 125 125
ahodki.15.jpg 1 28 48 123 123
ahodki.16.jpg 1 29 48 124 124
ahodki.17.jpg 1 30 50 123 123
ahodki.18.jpg 1 32 52 118 118
ahodki.19.jpg 1 29 50 121 121
ahodki.2.jpg 1 23 50 127 127
ahodki.20.jpg 1 24 50 124 124
ahodki.3.jpg 1 24 52 124 124
ahodki.4.jpg 1 25 52 123 123
ahodki.5.jpg 1 25 52 124 124
ahodki.6.jpg 1 23 51 126 126
ahodki.7.jpg 1 22 53 123 123
ahodki.8.jpg 1 24 52 120 120
ahodki.9.jpg 1 22 45 124 124
ajflem.1.jpg 1 36 64 119 119
ajflem.10.jpg 1 34 62 120 120
ajflem.11.jpg 1 31 62 121 121
ajflem.12.jpg 1 31 61 121 121
ajflem.13.jpg 1 32 62 120 120
ajflem.14.jpg 1 33 62 121 121
ajflem.15.jpg 1 32 62 121 121
ajflem.16.jpg 1 32 63 120 120
ajflem.17.jpg 1 32 64 120 120
ajflem.18.jpg 1 32 64 119 119
ajflem.19.jpg 1 32 63 120 120
ajflem.2.jpg 1 31 64 121 121
ajflem.20.jpg 1 33 62 122 122
ajflem.3.jpg 1 32 65 118 118
ajflem.4.jpg 1 32 65 118 118
ajflem.5.jpg 1 32 65 119 119
ajflem.6.jpg 1 31 65 120 120
ajflem.7.jpg 1 33 65 118 118
ajflem.8.jpg 1 35 66 118 118
ajflem.9.jpg 1 32 63 119 119
ajones.1.jpg 1 37 51 120 120
ajones.10.jpg 1 39 52 120 120
ajones.11.jpg 1 40 52 119 119
ajones.12.jpg 1 41 53 118 118
ajones.13.jpg 1 41 54 118 118
ajones.14.jpg 1 41 55 117 117
ajones.15.jpg 1 38 52 122 122
ajones.16.jpg 1 39 53 120 120
ajones.17.jpg 1 42 56 117 117
ajones.18.jpg 1 40 54 118 118
ajones.19.jpg 1 39 52 121 121
ajones.2.jpg 1 36 50 120 120
ajones.20.jpg 1 39 53 119 119
ajones.3.jpg 1 35 49 121 121
ajones.4.jpg 1 36 50 120 120
ajones.5.jpg 1 38 50 120 120
ajones.6.jpg 1 39 51 119 119
ajones.7.jpg 1 39 52 119 119
ajones.8.jpg 1 42 52 118 118
ajones.9.jpg 1 40 52 119 119
ajsega.1.jpg 1 24 54 126 126
ajsega.10.jpg 1 26 50 128 128
ajsega.11.jpg 1 27 51 126 126
ajsega.12.jpg 1 26 50 127 127
ajsega.13.jpg 1 27 52 126 126
ajsega.14.jpg 1 29 51 127 127
ajsega.15.jpg 1 28 51 126 126
ajsega.16.jpg 1 31 54 124 124
ajsega.17.jpg 1 30 53 126 126
ajsega.18.jpg 1 32 54 125 125
ajsega.19.jpg 1 31 53 126 126
ajsega.2.jpg 1 24 54 128 128
ajsega.20.jpg 1 33 51 125 125
ajsega.3.jpg 1 25 54 126 126
ajsega.4.jpg 1 24 54 126 126
ajsega.5.jpg 1 23 53 126 126
ajsega.6.jpg 1 22 53 129 129
ajsega.7.jpg 1 23 54 126 126
ajsega.8.jpg 1 23 53 127 127
ajsega.9.jpg 1 23 53 127 127
akatsi.1.jpg 1 21 58 117 117
akatsi.10.jpg 1 28 55 120 120
akatsi.11.jpg 1 27 53 123 123
akatsi.12.jpg 1 27 53 122 122
akatsi.13.jpg 1 27 53 123 123
akatsi.14.jpg 1 25 53 122 122
akatsi.15.jpg 1 23 53 123 123
akatsi.16.jpg 1 24 52 125 125
akatsi.17.jpg 1 20 53 124 124
akatsi.18.jpg 1 24 53 125 125
akatsi.19.jpg 1 28 53 125 125
akatsi.2.jpg 1 26 53 122 122
akatsi.20.jpg 1 28 52 126 126
akatsi.3.jpg 1 22 52 125 125
akatsi.4.jpg 1 23 52 125 125
akatsi.5.jpg 1 22 53 123 123
akatsi.6.jpg 1 23 53 124 124
akatsi.7.jpg 1 24 53 124 124
akatsi.8.jpg 1 25 53 124 124
akatsi.9.jpg 1 26 54 123 123
ambarw.1.jpg 1 27 54 127 127
ambarw.10.jpg 1 27 50 127 127
ambarw.11.jpg 1 26 47 128 128
ambarw.12.jpg 1 27 48 129 129
ambarw.13.jpg 1 24 46 131 131
ambarw.14.jpg 1 25 46 132 132
ambarw.15.jpg 1 27 46 130 130
ambarw.16.jpg 1 29 48 127 127
ambarw.17.jpg 1 27 47 128 128
ambarw.18.jpg 1 28 47 127 127
ambarw.19.jpg 1 25 45 131 131
ambarw.2.jpg 1 27 54 127 127
ambarw.20.jpg 1 29 47 127 127
ambarw.3.jpg 1 25 52 128 128
ambarw.4.jpg 1 27 51 127 127
ambarw.5.jpg 1 27 52 127 127
ambarw.6.jpg 1 26 52 128 128
ambarw.7.jpg 1 26 52 128 128
ambarw.8.jpg 1 24 52 130 130
ambarw.9.jpg 1 26 50 127 127
anonym.1.jpg 1 28 55 122 122
anonym.10.jpg 1 33 56 121 121
anonym.11.jpg 1 32 56 123 123
anonym.12.jpg 1 33 57 121 121
anonym.13.jpg 1 34 57 121 121
anonym.14.jpg 1 34 57 121 121
anonym.15.jpg 1 34 57 122 122
anonym.16.jpg 1 36 56 121 121
anonym.17.jpg 1 35 57 121 121
anonym.18.jpg 1 34 57 120 120
anonym.19.jpg 1 34 56 122 122
anonym.2.jpg 1 29 53 123 123
anonym.20.jpg 1 35 57 121 121
anonym.3.jpg 1 29 53 123 123
anonym.4.jpg 1 30 55 121 121
anonym.5.jpg 1 31 55 121 121
anonym.6.jpg 1 32 56 121 121
anonym.7.jpg 1 32 56 120 120
anonym.9.jpg 1 33 56 122 122
anonym1.1.jpg 1 18 28 128 128
anonym1.10.jpg 1 21 29 130 130
anonym1.11.jpg 1 20 28 132 132
anonym1.12.jpg 1 23 29 126 126
anonym1.13.jpg 1 21 27 128 128
anonym1.14.jpg 1 20 28 129 129
anonym1.16.jpg 1 20 29 130 130
anonym1.17.jpg 1 20 29 130 130
anonym1.18.jpg 1 18 29 128 128
anonym1.2.jpg 1 17 26 130 130
anonym1.20.jpg 1 20 29 131 131
anonym1.4.jpg 1 19 28 128 128
anonym1.5.jpg 1 20 28 130 130
anonym1.6.jpg 1 21 31 127 127
anonym1.8.jpg 1 20 30 130 130
anonym1.9.jpg 1 20 29 132 132
anonym2.1.jpg 1 34 51 127 127
anonym2.10.jpg 1 31 52 127 127
anonym2.11.jpg 1 39 50 122 122
anonym2.14.jpg 1 58 63 113 113
anonym2.15.jpg 1 61 57 109 109
anonym2.16.jpg 1 37 58 122 122
anonym2.18.jpg 1 13 60 123 123
anonym2.19.jpg 1 7 56 123 123
anonym2.2.jpg 1 32 50 127 127
anonym2.20.jpg 1 12 57 123 123
anonym2.4.jpg 1 29 52 127 127
anonym2.5.jpg 1 28 51 127 127
anonym2.6.jpg 1 33 51 126 126
anonym2.7.jpg 1 35 52 126 126
anonym2.8.jpg 1 32 52 127 127
anpage.1.jpg 1 24 51 125 125
anpage.10.jpg 1 19 52 127 127
anpage.11.jpg 1 19 52 127 127
anpage.12.jpg 1 19 53 126 126
anpage.13.jpg 1 20 52 127 127
anpage.14.jpg 1 18 53 127 127
anpage.15.jpg 1 19 53 126 126
anpage.16.jpg 1 18 53 127 127
anpage.17.jpg 1 19 53 126 126
anpage.18.jpg 1 18 53 125 125
anpage.19.jpg 1 19 54 126 126
anpage.2.jpg 1 22 52 125 125
anpage.20.jpg 1 17 55 125 125
anpage.3.jpg 1 21 52 125 125
anpage.4.jpg 1 20 52 127 127
anpage.5.jpg 1 20 52 127 127
anpage.6.jpg 1 21 52 125 125
anpage.7.jpg 1 20 52 125 125
anpage.8.jpg 1 19 52 127 127
anpage.9.jpg 1 20 52 126 126
anpage.jpg 1 24 51 125 125
asamma.1.jpg 1 30 69 119 119
asamma.10.jpg 1 26 66 123 123
asamma.11.jpg 1 27 62 123 123
asamma.12.jpg 1 26 61 125 125
asamma.13.jpg 1 26 62 125 125
asamma.14.jpg 1 27 63 123 123
asamma.15.jpg 1 26 63 123 123
asamma.16.jpg 1 28 66 120 120
asamma.17.jpg 1 29 63 122 122
asamma.18.jpg 1 26 62 124 124
asamma.19.jpg 1 26 60 124 124
asamma.2.jpg 1 29 69 120 120
asamma.20.jpg 1 24 61 123 123
asamma.3.jpg 1 28 68 121 121
asamma.4.jpg 1 28 69 121 121
asamma.5.jpg 1 30 69 120 120
asamma.6.jpg 1 29 68 121 121
asamma.7.jpg 1 29 69 120 120
asamma.8.jpg 1 29 69 120 120
asamma.9.jpg 1 27 69 121 121
asamma.jpg 1 30 69 119 119
asewil.1.jpg 1 39 47 117 117
asewil.10.jpg 1 44 48 115 115
asewil.11.jpg 1 44 47 115 115
asewil.12.jpg 1 47 49 113 113
asewil.13.jpg 1 47 48 113 113
asewil.14.jpg 1 43 48 117 117
asewil.15.jpg 1 44 47 116 116
asewil.16.jpg 1 43 47 115 115
asewil.17.jpg 1 45 49 114 114
asewil.18.jpg 1 45 48 114 114
asewil.19.jpg 1 43 46 117 117
asewil.2.jpg 1 38 48 118 118
asewil.20.jpg 1 43 47 116 116
asewil.3.jpg 1 39 50 117 117
asewil.4.jpg 1 39 50 117 117
asewil.5.jpg 1 40 50 118 118
asewil.6.jpg 1 41 52 114 114
asewil.7.jpg 1 41 52 114 114
asewil.8.jpg 1 41 51 115 115
asewil.9.jpg 1 43 48 116 116
asheal.1.jpg 1 22 51 126 126
asheal.10.jpg 1 22 48 131 131
asheal.11.jpg 1 22 48 131 131
asheal.12.jpg 1 22 49 131 131
asheal.13.jpg 1 22 51 128 128
asheal.14.jpg 1 20 52 129 129
asheal.15.jpg 1 21 51 129 129
asheal.16.jpg 1 20 51 130 130
asheal.17.jpg 1 20 51 129 129
asheal.18.jpg 1 20 51 131 131
asheal.19.jpg 1 22 52 129 129
asheal.2.jpg 1 23 52 127 127
asheal.20.jpg 1 22 50 133 133
asheal.3.jpg 1 24 51 127 127
asheal.4.jpg 1 28 52 125 125
asheal.5.jpg 1 26 52 127 127
asheal.6.jpg 1 25 48 127 127
asheal.7.jpg 1 26 48 129 129
asheal.8.jpg 1 26 49 128 128
asheal.9.jpg 1 23 48 130 130
astefa.1.jpg 1 23 50 129 129
astefa.10.jpg 1 20 39 129 129
astefa.11.jpg 1 20 41 130 130
astefa.12.jpg 1 19 43 131 131
astefa.13.jpg 1 19 41 131 131
astefa.14.jpg 1 19 41 131 131
astefa.15.jpg 1 18 40 130 130
astefa.16.jpg 1 19 40 128 128
astefa.17.jpg 1 17 40 131 131
astefa.18.jpg 1 18 43 129 129
astefa.19.jpg 1 17 42 131 131
astefa.2.jpg 1 22 49 129 129
astefa.20.jpg 1 19 44 130 130
astefa.3.jpg 1 22 50 129 129
astefa.4.jpg 1 23 49 129 129
astefa.5.jpg 1 24 49 128 128
astefa.6.jpg 1 21 49 129 129
astefa.7.jpg 1 23 51 127 127
astefa.8.jpg 1 23 51 128 128
astefa.9.jpg 1 22 37 129 129
astefa.jpg 1 23 50 129 129
bplyce.1.jpg 1 23 65 116 116
bplyce.10.jpg 1 24 60 121 121
bplyce.11.jpg 1 24 61 121 121
bplyce.12.jpg 1 24 60 121 121
bplyce.13.jpg 1 24 60 121 121
bplyce.14.jpg 1 26 60 119 119
bplyce.15.jpg 1 26 60 119 119
bplyce.16.jpg 1 26 60 119 119
bplyce.17.jpg 1 27 60 118 118
bplyce.18.jpg 1 26 59 119 119
bplyce.19.jpg 1 25 57 123 123
bplyce.2.jpg 1 24 64 119 119
bplyce.20.jpg 1 25 60 120 120
bplyce.3.jpg 1 27 66 114 114
bplyce.4.jpg 1 26 64 118 118
bplyce.5.jpg 1 26 65 117 117
bplyce.6.jpg 1 26 65 116 116
bplyce.7.jpg 1 26 65 118 118
bplyce.8.jpg 1 26 65 117 117
bplyce.9.jpg 1 27 64 116 116
cchris.1.jpg 1 22 58 125 125
cchris.10.jpg 1 23 57 128 128
cchris.11.jpg 1 24 58 126 126
cchris.12.jpg 1 25 58 125 125
cchris.13.jpg 1 25 59 125 125
cchris.14.jpg 1 25 59 124 124
cchris.15.jpg 1 26 60 125 125
cchris.16.jpg 1 27 60 123 123
cchris.17.jpg 1 28 58 123 123
cchris.18.jpg 1 29 61 122 122
cchris.19.jpg 1 28 60 125 125
cchris.2.jpg 1 23 60 123 123
cchris.20.jpg 1 28 60 125 125
cchris.3.jpg 1 23 60 123 123
cchris.4.jpg 1 21 57 128 128
cchris.5.jpg 1 25 61 123 123
cchris.6.jpg 1 25 59 124 124
cchris.7.jpg 1 24 59 126 126
cchris.8.jpg 1 25 60 124 124
cchris.9.jpg 1 25 59 124 124
ccjame.1.jpg 1 36 70 115 115
ccjame.10.jpg 1 37 64 116 116
ccjame.11.jpg 1 36 59 119 119
ccjame.12.jpg 1 41 61 115 115
ccjame.13.jpg 1 35 60 118 118
ccjame.14.jpg 1 37 60 118 118
ccjame.15.jpg 1 39 60 117 117
ccjame.16.jpg 1 39 60 117 117
ccjame.17.jpg 1 35 59 119 119
ccjame.18.jpg 1 33 61 120 120
ccjame.19.jpg 1 45 66 115 115
ccjame.2.jpg 1 38 70 115 115
ccjame.20.jpg 1 43 63 116 116
ccjame.3.jpg 1 38 71 113 113
ccjame.4.jpg 1 39 69 115 115
ccjame.5.jpg 1 38 69 114 114
ccjame.6.jpg 1 40 69 114 114
ccjame.7.jpg 1 40 68 114 114
ccjame.8.jpg 1 40 69 114 114
ccjame.9.jpg 1 38 66 116 116
cferdo.1.jpg 1 18 44 130 130
cferdo.10.jpg 1 18 45 128 128
cferdo.11.jpg 1 17 44 130 130
cferdo.12.jpg 1 17 44 129 129
cferdo.13.jpg 1 18 44 129 129
cferdo.14.jpg 1 19 43 126 126
cferdo.15.jpg 1 19 44 128 128
cferdo.16.jpg 1 16 43 131 131
cferdo.17.jpg 1 18 44 128 128
cferdo.19.jpg 1 16 45 130 130
cferdo.2.jpg 1 19 45 129 129
cferdo.20.jpg 1 15 44 130 130
cferdo.3.jpg 1 19 46 127 127
cferdo.4.jpg 1 18 46 127 127
cferdo.5.jpg 1 17 46 129 129
cferdo.6.jpg 1 18 46 127 127
cferdo.7.jpg 1 18 46 128 128
cferdo.8.jpg 1 17 45 130 130
cferdo.9.jpg 1 18 45 128 128
cgboyc.1.jpg 1 26 37 129 129
cgboyc.10.jpg 1 24 37 129 129
cgboyc.11.jpg 1 24 37 130 130
cgboyc.12.jpg 1 24 37 130 130
cgboyc.13.jpg 1 24 38 130 130
cgboyc.14.jpg 1 25 37 129 129
cgboyc.15.jpg 1 24 37 130 130
cgboyc.16.jpg 1 24 38 129 129
cgboyc.17.jpg 1 24 39 128 128
cgboyc.18.jpg 1 23 38 131 131
cgboyc.19.jpg 1 25 39 127 127
cgboyc.2.jpg 1 27 38 127 127
cgboyc.20.jpg 1 25 39 127 127
cgboyc.3.jpg 1 28 38 126 126
cgboyc.4.jpg 1 24 38 128 128
cgboyc.5.jpg 1 24 38 128 128
cgboyc.6.jpg 1 24 38 127 127
cgboyc.7.jpg 1 24 38 128 128
cgboyc.8.jpg 1 25 38 128 128
cgboyc.9.jpg 1 25 38 127 127
cjcarr.1.jpg 1 17 42 132 132
cjcarr.10.jpg 1 21 43 131 131
cjcarr.11.jpg 1 21 44 133 133
cjcarr.12.jpg 1 23 44 131 131
cjcarr.13.jpg 1 25 42 132 132
cjcarr.14.jpg 1 29 39 131 131
cjcarr.15.jpg 1 29 42 130 130
cjcarr.16.jpg 1 30 43 130 130
cjcarr.17.jpg 1 29 46 130 130
cjcarr.18.jpg 1 31 44 129 129
cjcarr.19.jpg 1 35 43 128 128
cjcarr.2.jpg 1 18 45 131 131
cjcarr.20.jpg 1 32 44 130 130
cjcarr.3.jpg 1 18 43 133 133
cjcarr.4.jpg 1 20 42 132 132
cjcarr.5.jpg 1 17 44 132 132
cjcarr.6.jpg 1 16 43 131 131
cjcarr.7.jpg 1 16 44 131 131
cjcarr.8.jpg 1 18 42 131 131
cjcarr.9.jpg 1 18 42 131 131
cjdenn.1.jpg 1 27 40 134 134
cjdenn.10.jpg 1 42 40 127 127
cjdenn.11.jpg 1 41 40 127 127
cjdenn.12.jpg 1 41 39 129 129
cjdenn.13.jpg 1 42 41 126 126
cjdenn.14.jpg 1 41 42 127 127
cjdenn.15.jpg 1 42 43 127 127
cjdenn.16.jpg 1 37 42 129 129
cjdenn.17.jpg 1 30 36 135 135
cjdenn.18.jpg 1 40 37 129 129
cjdenn.19.jpg 1 40 39 130 130
cjdenn.2.jpg 1 32 37 131 131
cjdenn.20.jpg 1 44 44 125 125
cjdenn.3.jpg 1 37 38 129 129
cjdenn.4.jpg 1 31 37 134 134
cjdenn.5.jpg 1 33 40 132 132
cjdenn.6.jpg 1 36 41 130 130
cjdenn.7.jpg 1 40 42 127 127
cjdenn.8.jpg 1 41 42 127 127
cjdenn.9.jpg 1 42 41 126 126
cjsake.1.jpg 1 25 52 129 129
cjsake.10.jpg 1 33 49 128 128
cjsake.11.jpg 1 34 49 124 124
cjsake.12.jpg 1 34 48 127 127
cjsake.13.jpg 1 32 46 127 127
cjsake.14.jpg 1 35 47 126 126
cjsake.15.jpg 1 34 47 125 125
cjsake.16.jpg 1 34 48 126 126
cjsake.17.jpg 1 32 47 128 128
cjsake.18.jpg 1 31 47 128 128
cjsake.19.jpg 1 33 47 126 126
cjsake.2.jpg 1 26 53 128 128
cjsake.20.jpg 1 33 47 128 128
cjsake.3.jpg 1 26 52 129 129
cjsake.4.jpg 1 32 55 126 126
cjsake.5.jpg 1 34 55 125 125
cjsake.6.jpg 1 37 55 124 124
cjsake.7.jpg 1 36 55 125 125
cjsake.8.jpg 1 33 55 125 125
cjsake.9.jpg 1 33 54 123 123
cmkirk.1.jpg 1 22 53 123 123
cmkirk.10.jpg 1 26 51 124 124
cmkirk.11.jpg 1 25 51 124 124
cmkirk.13.jpg 1 25 51 125 125
cmkirk.14.jpg 1 26 50 124 124
cmkirk.15.jpg 1 27 50 124 124
cmkirk.16.jpg 1 28 50 122 122
cmkirk.17.jpg 1 26 50 126 126
cmkirk.18.jpg 1 25 50 125 125
cmkirk.19.jpg 1 26 49 125 125
cmkirk.2.jpg 1 25 53 122 122
cmkirk.20.jpg 1 26 47 125 125
cmkirk.3.jpg 1 26 53 122 122
cmkirk.4.jpg 1 26 53 123 123
cmkirk.5.jpg 1 26 52 122 122
cmkirk.6.jpg 1 25 52 124 124
cmkirk.8.jpg 1 26 52 124 124
cmkirk.9.jpg 1 27 52 122 122
csanch.1.jpg 1 36 66 111 111
csanch.10.jpg 1 32 65 110 110
csanch.11.jpg 1 31 65 111 111
csanch.12.jpg 1 30 65 112 112
csanch.13.jpg 1 32 65 112 112
csanch.14.jpg 1 31 66 111 111
csanch.15.jpg 1 32 66 111 111
csanch.16.jpg 1 34 66 110 110
csanch.17.jpg 1 34 66 110 110
csanch.19.jpg 1 34 66 111 111
csanch.2.jpg 1 36 67 108 108
csanch.20.jpg 1 33 66 111 111
csanch.3.jpg 1 36 66 108 108
csanch.4.jpg 1 33 64 112 112
csanch.5.jpg 1 35 67 107 107
csanch.6.jpg 1 34 66 109 109
csanch.7.jpg 1 34 66 110 110
csanch.8.jpg 1 34 65 110 110
csanch.9.jpg 1 32 63 113 113
cshubb.1.jpg 1 29 54 117 117
cshubb.10.jpg 1 35 53 120 120
cshubb.11.jpg 1 35 54 118 118
cshubb.12.jpg 1 35 54 119 119
cshubb.14.jpg 1 37 54 119 119
cshubb.15.jpg 1 38 55 117 117
cshubb.16.jpg 1 36 53 120 120
cshubb.17.jpg 1 39 54 118 118
cshubb.19.jpg 1 41 55 117 117
cshubb.2.jpg 1 28 55 117 117
cshubb.20.jpg 1 42 56 115 115
cshubb.3.jpg 1 27 55 117 117
cshubb.4.jpg 1 29 56 117 117
cshubb.5.jpg 1 29 56 116 116
cshubb.6.jpg 1 30 54 118 118
cshubb.7.jpg 1 32 54 118 118
cshubb.8.jpg 1 32 55 118 118
cshubb.9.jpg 1 35 55 116 116
cwang.1.jpg 1 29 64 118 118
cwang.10.jpg 1 27 55 124 124
cwang.12.jpg 1 28 56 122 122
cwang.13.jpg 1 28 58 117 117
cwang.14.jpg 1 26 58 116 116
cwang.15.jpg 1 23 57 119 119
cwang.16.jpg 1 23 57 119 119
cwang.17.jpg 1 23 57 120 120
cwang.18.jpg 1 26 58 119 119
cwang.2.jpg 1 33 62 118 118
cwang.20.jpg 1 31 58 117 117
cwang.3.jpg 1 31 62 117 117
cwang.4.jpg 1 30 58 119 119
cwang.6.jpg 1 31 55 120 120
cwang.7.jpg 1 28 57 118 118
cwang.8.jpg 1 27 54 121 121
cwchoi.1.jpg 1 25 62 126 126
cwchoi.10.jpg 1 23 53 133 133
cwchoi.11.jpg 1 20 53 133 133
cwchoi.12.jpg 1 19 52 134 134
cwchoi.13.jpg 1 20 52 132 132
cwchoi.14.jpg 1 18 53 132 132
cwchoi.15.jpg 1 18 52 134 134
cwchoi.16.jpg 1 19 52 133 133
cwchoi.17.jpg 1 24 52 129 129
cwchoi.18.jpg 1 25 51 133 133
cwchoi.19.jpg 1 21 49 136 136
cwchoi.2.jpg 1 24 58 130 130
cwchoi.20.jpg 1 24 52 132 132
cwchoi.3.jpg 1 22 55 132 132
cwchoi.4.jpg 1 23 55 134 134
cwchoi.5.jpg 1 22 57 131 131
cwchoi.6.jpg 1 23 56 133 133
cwchoi.7.jpg 1 26 58 131 131
cwchoi.8.jpg 1 25 56 131 131
cwchoi.9.jpg 1 23 52 135 135
dagran.1.jpg 1 20 34 138 138
dagran.10.jpg 1 18 34 138 138
dagran.11.jpg 1 20 36 138 138
dagran.12.jpg 1 17 33 140 140
dagran.13.jpg 1 18 33 139 139
dagran.14.jpg 1 19 35 139 139
dagran.15.jpg 1 21 36 136 136
dagran.16.jpg 1 22 36 137 137
dagran.17.jpg 1 21 36 138 138
dagran.18.jpg 1 23 37 135 135
dagran.19.jpg 1 24 37 136 136
dagran.2.jpg 1 21 36 136 136
dagran.20.jpg 1 26 39 135 135
dagran.3.jpg 1 19 36 138 138
dagran.4.jpg 1 19 35 138 138
dagran.5.jpg 1 19 36 138 138
dagran.6.jpg 1 17 35 138 138
dagran.7.jpg 1 18 33 140 140
dagran.8.jpg 1 19 34 138 138
dagran.9.jpg 1 19 31 140 140
dakram.1.jpg 1 26 51 132 132
dakram.10.jpg 1 34 61 124 124
dakram.11.jpg 1 33 54 124 124
dakram.12.jpg 1 33 65 121 121
dakram.13.jpg 1 33 62 119 119
dakram.14.jpg 1 26 55 128 128
dakram.15.jpg 1 30 67 120 120
dakram.16.jpg 1 30 63 123 123
dakram.17.jpg 1 22 53 126 126
dakram.18.jpg 1 19 58 125 125
dakram.19.jpg 1 20 58 123 123
dakram.2.jpg 1 24 50 133 133
dakram.20.jpg 1 18 54 131 131
dakram.3.jpg 1 24 50 133 133
dakram.4.jpg 1 25 50 132 132
dakram.5.jpg 1 28 52 130 130
dakram.6.jpg 1 29 52 127 127
dakram.7.jpg 1 28 54 128 128
dakram.8.jpg 1 32 53 125 125
dakram.9.jpg 1 35 66 122 122
dcbowe.1.jpg 1 26 57 125 125
dcbowe.10.jpg 1 31 55 126 126
dcbowe.11.jpg 1 32 52 126 126
dcbowe.12.jpg 1 33 54 125 125
dcbowe.13.jpg 1 33 53 125 125
dcbowe.14.jpg 1 34 55 124 124
dcbowe.15.jpg 1 31 54 125 125
dcbowe.16.jpg 1 34 54 124 124
dcbowe.17.jpg 1 32 52 125 125
dcbowe.18.jpg 1 32 51 126 126
dcbowe.19.jpg 1 30 52 126 126
dcbowe.2.jpg 1 26 59 123 123
dcbowe.20.jpg 1 30 53 126 126
dcbowe.3.jpg 1 27 63 120 120
dcbowe.4.jpg 1 30 62 120 120
dcbowe.5.jpg 1 29 61 121 121
dcbowe.6.jpg 1 30 60 121 121
dcbowe.7.jpg 1 30 56 125 125
dcbowe.8.jpg 1 30 55 125 125
dcbowe.9.jpg 1 31 57 123 123
dioann.1.jpg 1 20 53 125 125
dioann.10.jpg 1 37 53 122 122
dioann.11.jpg 1 34 49 125 125
dioann.12.jpg 1 31 47 127 127
dioann.13.jpg 1 33 46 126 126
dioann.14.jpg 1 33 40 126 126
dioann.16.jpg 1 30 40 127 127
dioann.17.jpg 1 25 40 130 130
dioann.18.jpg 1 28 45 129 129
dioann.19.jpg 1 31 48 125 125
dioann.2.jpg 1 20 51 125 125
dioann.20.jpg 1 29 45 126 126
dioann.4.jpg 1 23 53 126 126
dioann.5.jpg 1 25 52 125 125
dioann.6.jpg 1 25 51 127 127
dioann.8.jpg 1 30 53 125 125
dioann.9.jpg 1 36 54 122 122
djbirc.1.jpg 1 19 49 131 131
djbirc.10.jpg 1 14 48 135 135
djbirc.11.jpg 1 13 48 135 135
djbirc.12.jpg 1 12 48 134 134
djbirc.13.jpg 1 12 51 131 131
djbirc.14.jpg 1 14 48 137 137
djbirc.15.jpg 1 10 47 137 137
djbirc.16.jpg 1 12 50 136 136
djbirc.17.jpg 1 13 47 137 137
djbirc.18.jpg 1 12 46 139 139
djbirc.19.jpg 1 12 47 137 137
djbirc.2.jpg 1 17 46 135 135
djbirc.20.jpg 1 13 48 136 136
djbirc.3.jpg 1 17 47 134 134
djbirc.4.jpg 1 16 47 136 136
djbirc.5.jpg 1 16 49 135 135
djbirc.6.jpg 1 15 47 138 138
djbirc.7.jpg 1 16 47 137 137
djbirc.8.jpg 1 17 47 138 138
djbirc.9.jpg 1 11 51 133 133
djhugh.1.jpg 1 21 53 128 128
djhugh.10.jpg 1 29 57 127 127
djhugh.11.jpg 1 26 55 128 128
djhugh.12.jpg 1 26 54 129 129
djhugh.13.jpg 1 25 57 127 127
djhugh.14.jpg 1 27 59 125 125
djhugh.16.jpg 1 27 58 125 125
djhugh.17.jpg 1 28 59 124 124
djhugh.18.jpg 1 27 59 124 124
djhugh.19.jpg 1 27 58 126 126
djhugh.2.jpg 1 21 54 128 128
djhugh.20.jpg 1 25 56 129 129
djhugh.3.jpg 1 21 53 128 128
djhugh.4.jpg 1 22 54 128 128
djhugh.5.jpg 1 20 54 129 129
djhugh.6.jpg 1 21 53 131 131
djhugh.7.jpg 1 25 55 128 128
djhugh.8.jpg 1 25 55 127 127
djhugh.9.jpg 1 30 60 121 121
djmart.1.jpg 1 34 78 111 111
djmart.10.jpg 1 29 61 122 122
djmart.12.jpg 1 35 65 117 117
djmart.13.jpg 1 33 63 121 121
djmart.14.jpg 1 34 63 119 119
djmart.15.jpg 1 29 65 115 115
djmart.16.jpg 1 28 64 121 121
djmart.17.jpg 1 30 65 120 120
djmart.18.jpg 1 31 64 121 121
djmart.19.jpg 1 32 64 122 122
djmart.2.jpg 1 32 78 111 111
djmart.20.jpg 1 31 64 122 122
djmart.4.jpg 1 31 77 111 111
djmart.5.jpg 1 29 77 110 110
djmart.9.jpg 1 32 77 114 114
dmwest.1.jpg 1 28 63 116 116
dmwest.10.jpg 1 29 58 120 120
dmwest.11.jpg 1 27 59 119 119
dmwest.12.jpg 1 27 61 119 119
dmwest.13.jpg 1 27 61 117 117
dmwest.14.jpg 1 27 60 118 118
dmwest.15.jpg 1 26 62 118 118
dmwest.16.jpg 1 23 63 116 116
dmwest.17.jpg 1 26 64 114 114
dmwest.18.jpg 1 28 65 115 115
dmwest.19.jpg 1 29 66 114 114
dmwest.2.jpg 1 28 63 116 116
dmwest.20.jpg 1 31 65 115 115
dmwest.3.jpg 1 28 64 116 116
dmwest.4.jpg 1 27 63 117 117
dmwest.5.jpg 1 29 64 115 115
dmwest.6.jpg 1 28 64 115 115
dmwest.7.jpg 1 29 64 115 115
dmwest.8.jpg 1 26 61 118 118
dmwest.9.jpg 1 29 61 116 116
doraj.1.jpg 1 28 38 129 129
doraj.10.jpg 1 26 38 130 130
doraj.13.jpg 1 51 42 118 118
doraj.15.jpg 1 13 36 132 132
doraj.16.jpg 1 14 33 133 133
doraj.17.jpg 1 13 29 142 142
doraj.19.jpg 1 24 32 136 136
doraj.2.jpg 1 27 38 131 131
doraj.20.jpg 1 29 35 132 132
doraj.3.jpg 1 28 38 132 132
doraj.4.jpg 1 28 40 127 127
doraj.5.jpg 1 28 37 128 128
doraj.6.jpg 1 26 38 129 129
doraj.8.jpg 1 24 35 136 136
doraj.9.jpg 1 25 36 131 131
drbost.1.jpg 1 23 62 125 125
drbost.10.jpg 1 35 53 129 129
drbost.11.jpg 1 33 52 128 128
drbost.12.jpg 1 24 48 138 138
drbost.13.jpg 1 28 50 133 133
drbost.14.jpg 1 27 52 132 132
drbost.15.jpg 1 28 50 134 134
drbost.16.jpg 1 28 49 134 134
drbost.17.jpg 1 28 51 134 134
drbost.18.jpg 1 30 51 134 134
drbost.19.jpg 1 29 52 131 131
drbost.2.jpg 1 23 58 130 130
drbost.20.jpg 1 29 52 134 134
drbost.3.jpg 1 26 60 129 129
drbost.4.jpg 1 27 59 128 128
drbost.5.jpg 1 26 57 129 129
drbost.6.jpg 1 24 57 132 132
drbost.7.jpg 1 28 59 129 129
drbost.8.jpg 1 27 59 127 127
drbost.9.jpg 1 25 54 134 134
drbost.jpg 1 23 62 125 125
ekavaz.1.jpg 1 25 54 129 129
ekavaz.10.jpg 1 19 46 131 131
ekavaz.11.jpg 1 22 47 131 131
ekavaz.12.jpg 1 39 51 124 124
ekavaz.13.jpg 1 41 51 125 125
ekavaz.14.jpg 1 37 51 126 126
ekavaz.15.jpg 1 33 51 127 127
ekavaz.16.jpg 1 27 49 130 130
ekavaz.17.jpg 1 27 48 131 131
ekavaz.18.jpg 1 26 48 131 131
ekavaz.19.jpg 1 25 48 130 130
ekavaz.2.jpg 1 29 56 126 126
ekavaz.20.jpg 1 26 47 131 131
ekavaz.3.jpg 1 30 56 126 126
ekavaz.4.jpg 1 30 56 127 127
ekavaz.5.jpg 1 32 58 126 126
ekavaz.6.jpg 1 35 60 122 122
ekavaz.7.jpg 1 36 60 123 123
ekavaz.8.jpg 1 35 55 124 124
ekavaz.9.jpg 1 32 50 128 128
elduns.1.jpg 1 17 50 136 136
elduns.10.jpg 1 17 41 138 138
elduns.11.jpg 1 19 44 137 137
elduns.12.jpg 1 19 43 137 137
elduns.13.jpg 1 20 43 136 136
elduns.14.jpg 1 20 43 136 136
elduns.15.jpg 1 20 43 137 137
elduns.16.jpg 1 18 41 138 138
elduns.17.jpg 1 16 41 137 137
elduns.18.jpg 1 17 41 137 137
elduns.19.jpg 1 18 43 136 136
elduns.2.jpg 1 18 50 136 136
elduns.20.jpg 1 17 40 137 137
elduns.3.jpg 1 20 54 134 134
elduns.4.jpg 1 22 56 132 132
elduns.5.jpg 1 20 53 133 133
elduns.6.jpg 1 21 52 133 133
elduns.7.jpg 1 16 44 136 136
elduns.8.jpg 1 11 42 138 138
elduns.9.jpg 1 10 37 140 140
elduns.jpg 1 17 50 136 136
fordj.1.jpg 1 14 49 128 128
fordj.10.jpg 1 18 48 129 129
fordj.11.jpg 1 19 48 128 128
fordj.13.jpg 1 18 49 127 127
fordj.14.jpg 1 18 48 128 128
fordj.15.jpg 1 18 49 125 125
fordj.16.jpg 1 18 50 126 126
fordj.17.jpg 1 19 49 129 129
fordj.18.jpg 1 17 49 127 127
fordj.19.jpg 1 20 50 125 125
fordj.2.jpg 1 13 48 124 124
fordj.20.jpg 1 19 50 125 125
fordj.3.jpg 1 16 45 132 132
fordj.4.jpg 1 16 46 133 133
fordj.5.jpg 1 16 46 133 133
fordj.6.jpg 1 19 49 129 129
fordj.7.jpg 1 18 48 129 129
fordj.8.jpg 1 19 49 129 129
fordj.9.jpg 1 19 49 128 128
gdhatc.1.jpg 1 27 56 114 114
gdhatc.10.jpg 1 29 56 119 119
gdhatc.11.jpg 1 29 57 116 116
gdhatc.12.jpg 1 29 58 116 116
gdhatc.13.jpg 1 29 55 121 121
gdhatc.14.jpg 1 29 56 119 119
gdhatc.15.jpg 1 28 56 118 118
gdhatc.17.jpg 1 28 57 119 119
gdhatc.18.jpg 1 26 57 118 118
gdhatc.19.jpg 1 27 58 120 120
gdhatc.2.jpg 1 25 56 116 116
gdhatc.20.jpg 1 29 59 117 117
gdhatc.3.jpg 1 25 56 117 117
gdhatc.4.jpg 1 25 56 117 117
gdhatc.6.jpg 1 27 56 116 116
gdhatc.7.jpg 1 27 56 116 116
gdhatc.8.jpg 1 28 58 115 115
gdhatc.9.jpg 1 27 56 116 116
ggeorg.1.jpg 1 28 50 135 135
ggeorg.10.jpg 1 23 46 135 135
ggeorg.12.jpg 1 23 45 135 135
ggeorg.13.jpg 1 25 46 134 134
ggeorg.14.jpg 1 22 45 137 137
ggeorg.15.jpg 1 24 47 133 133
ggeorg.16.jpg 1 20 46 137 137
ggeorg.17.jpg 1 23 46 135 135
ggeorg.18.jpg 1 18 42 139 139
ggeorg.19.jpg 1 21 42 139 139
ggeorg.2.jpg 1 27 52 132 132
ggeorg.20.jpg 1 21 43 138 138
ggeorg.3.jpg 1 27 50 133 133
ggeorg.4.jpg 1 26 51 134 134
ggeorg.5.jpg 1 27 49 133 133
ggeorg.6.jpg 1 23 49 136 136
ggeorg.7.jpg 1 26 51 134 134
ggeorg.8.jpg 1 26 50 133 133
ggeorg.9.jpg 1 25 49 135 135
ggrego.1.jpg 1 27 50 126 126
ggrego.10.jpg 1 25 50 129 129
ggrego.11.jpg 1 25 50 127 127
ggrego.12.jpg 1 25 43 129 129
ggrego.14.jpg 1 22 46 129 129
ggrego.15.jpg 1 19 42 132 132
ggrego.16.jpg 1 20 41 130 130
ggrego.17.jpg 1 22 48 127 127
ggrego.18.jpg 1 23 47 129 129
ggrego.2.jpg 1 27 51 129 129
ggrego.20.jpg 1 21 47 126 126
ggrego.4.jpg 1 26 48 130 130
ggrego.5.jpg 1 28 50 127 127
ggrego.7.jpg 1 30 55 126 126
ggrego.8.jpg 1 24 55 128 128
ggrego.9.jpg 1 27 53 127 127
gjhero.1.jpg 1 24 55 126 126
gjhero.10.jpg 1 35 60 120 120
gjhero.12.jpg 1 37 58 120 120
gjhero.13.jpg 1 36 56 121 121
gjhero.14.jpg 1 36 54 121 121
gjhero.15.jpg 1 36 54 121 121
gjhero.16.jpg 1 37 56 119 119
gjhero.18.jpg 1 35 54 122 122
gjhero.2.jpg 1 25 57 122 122
gjhero.20.jpg 1 35 55 123 123
gjhero.3.jpg 1 26 57 124 124
gjhero.4.jpg 1 29 61 119 119
gjhero.6.jpg 1 31 63 118 118
gjhero.7.jpg 1 32 63 120 120
gjhero.8.jpg 1 33 63 118 118
gjhero.9.jpg 1 34 59 120 120
gjnorm.1.jpg 1 22 49 125 125
gjnorm.10.jpg 1 25 50 124 124
gjnorm.11.jpg 1 31 51 125 125
gjnorm.12.jpg 1 35 55 124 124
gjnorm.13.jpg 1 36 54 123 123
gjnorm.14.jpg 1 38 55 120 120
gjnorm.15.jpg 1 37 54 122 122
gjnorm.16.jpg 1 31 54 124 124
gjnorm.17.jpg 1 31 53 123 123
gjnorm.18.jpg 1 31 52 124 124
gjnorm.19.jpg 1 29 50 128 128
gjnorm.2.jpg 1 22 50 125 125
gjnorm.20.jpg 1 32 51 126 126
gjnorm.3.jpg 1 20 48 128 128
gjnorm.4.jpg 1 21 50 127 127
gjnorm.5.jpg 1 22 51 124 124
gjnorm.6.jpg 1 22 50 126 126
gjnorm.7.jpg 1 21 50 127 127
gjnorm.8.jpg 1 23 51 123 123
gjnorm.9.jpg 1 23 49 125 125
gmwate.1.jpg 1 27 62 119 119
gmwate.10.jpg 1 27 61 120 120
gmwate.11.jpg 1 24 61 121 121
gmwate.12.jpg 1 28 61 120 120
gmwate.13.jpg 1 25 62 120 120
gmwate.14.jpg 1 25 62 121 121
gmwate.15.jpg 1 25 61 122 122
gmwate.16.jpg 1 25 60 120 120
gmwate.17.jpg 1 26 62 119 119
gmwate.18.jpg 1 26 63 119 119
gmwate.19.jpg 1 24 62 120 120
gmwate.2.jpg 1 28 63 117 117
gmwate.20.jpg 1 26 63 119 119
gmwate.3.jpg 1 28 64 117 117
gmwate.4.jpg 1 27 64 117 117
gmwate.5.jpg 1 27 64 117 117
gmwate.6.jpg 1 26 63 118 118
gmwate.7.jpg 1 27 65 118 118
gmwate.8.jpg 1 26 63 120 120
gmwate.9.jpg 1 28 61 119 119
gpapaz.1.jpg 1 17 50 137 137
gpapaz.10.jpg 1 20 50 132 132
gpapaz.11.jpg 1 13 53 133 133
gpapaz.13.jpg 1 15 53 134 134
gpapaz.14.jpg 1 12 54 132 132
gpapaz.15.jpg 1 15 59 127 127
gpapaz.16.jpg 1 14 56 130 130
gpapaz.17.jpg 1 15 59 128 128
gpapaz.19.jpg 1 14 55 131 131
gpapaz.20.jpg 1 14 58 131 131
gpapaz.3.jpg 1 19 54 133 133
gpapaz.4.jpg 1 18 53 133 133
gpapaz.5.jpg 1 18 53 134 134
gpapaz.6.jpg 1 17 53 133 133
gpapaz.7.jpg 1 16 54 132 132
gpapaz.8.jpg 1 17 54 133 133
gpapaz.9.jpg 1 19 46 136 136
gpsmit.1.jpg 1 33 52 123 123
gpsmit.10.jpg 1 33 50 121 121
gpsmit.11.jpg 1 28 49 123 123
gpsmit.12.jpg 1 26 46 126 126
gpsmit.13.jpg 1 23 46 127 127
gpsmit.14.jpg 1 24 48 123 123
gpsmit.15.jpg 1 20 45 133 133
gpsmit.16.jpg 1 23 46 126 126
gpsmit.17.jpg 1 22 47 127 127
gpsmit.18.jpg 1 23 48 122 122
gpsmit.19.jpg 1 24 50 121 121
gpsmit.2.jpg 1 33 54 119 119
gpsmit.20.jpg 1 24 46 125 125
gpsmit.3.jpg 1 29 51 123 123
gpsmit.4.jpg 1 30 53 124 124
gpsmit.5.jpg 1 25 49 128 128
gpsmit.6.jpg 1 30 51 124 124
gpsmit.7.jpg 1 31 51 123 123
gpsmit.8.jpg 1 30 51 123 123
gpsmit.9.jpg 1 33 51 119 119
gsreas.1.jpg 1 23 54 128 128
gsreas.10.jpg 1 18 55 128 128
gsreas.11.jpg 1 19 55 128 128
gsreas.12.jpg 1 16 55 130 130
gsreas.13.jpg 1 22 56 126 126
gsreas.14.jpg 1 18 56 132 132
gsreas.15.jpg 1 21 59 127 127
gsreas.16.jpg 1 16 55 131 131
gsreas.17.jpg 1 16 51 131 131
gsreas.18.jpg 1 18 49 132 132
gsreas.19.jpg 1 15 49 134 134
gsreas.2.jpg 1 22 56 126 126
gsreas.3.jpg 1 21 54 130 130
gsreas.4.jpg 1 22 55 129 129
gsreas.5.jpg 1 19 51 133 133
gsreas.6.jpg 1 20 52 132 132
gsreas.7.jpg 1 21 54 129 129
gsreas.8.jpg 1 22 56 127 127
gsreas.9.jpg 1 18 57 128 128
hartb.1.jpg 1 12 45 135 135
hartb.10.jpg 1 18 43 135 135
hartb.11.jpg 1 16 40 140 140
hartb.12.jpg 1 15 40 139 139
hartb.13.jpg 1 18 41 136 136
hartb.14.jpg 1 17 41 140 140
hartb.15.jpg 1 17 41 137 137
hartb.16.jpg 1 14 40 140 140
hartb.19.jpg 1 15 41 137 137
hartb.2.jpg 1 11 43 138 138
hartb.20.jpg 1 16 40 136 136
hartb.3.jpg 1 16 42 138 138
hartb.5.jpg 1 16 41 138 138
hartb.6.jpg 1 18 43 136 136
hartb.7.jpg 1 18 43 135 135
hartb.8.jpg 1 18 43 135 135
hartb.9.jpg 1 18 43 135 135
hensm.1.jpg 1 16 51 129 129
hensm.10.jpg 1 19 49 130 130
hensm.12.jpg 1 17 47 132 132
hensm.13.jpg 1 18 49 129 129
hensm.14.jpg 1 18 46 130 130
hensm.15.jpg 1 18 47 130 130
hensm.16.jpg 1 17 47 126 126
hensm.17.jpg 1 15 47 130 130
hensm.18.jpg 1 13 44 135 135
hensm.19.jpg 1 13 44 133 133
hensm.20.jpg 1 17 46 130 130
hensm.3.jpg 1 17 50 131 131
hensm.5.jpg 1 19 49 130 130
hensm.6.jpg 1 16 50 129 129
hensm.7.jpg 1 18 48 128 128
hensm.9.jpg 1 18 48 131 131
ieorf.1.jpg 1 25 63 118 118
ieorf.10.jpg 1 25 64 119 119
ieorf.11.jpg 1 25 63 120 120
ieorf.12.jpg 1 24 57 122 122
ieorf.13.jpg 1 23 58 125 125
ieorf.15.jpg 1 24 60 121 121
ieorf.17.jpg 1 25 62 119 119
ieorf.19.jpg 1 26 55 125 125
ieorf.20.jpg 1 27 56 123 123
ieorf.4.jpg 1 25 60 122 122
ieorf.6.jpg 1 28 59 121 121
ieorf.7.jpg 1 27 58 124 124
ieorf.9.jpg 1 24 59 123 123
irdrew.1.jpg 1 23 53 125 125
irdrew.10.jpg 1 24 53 125 125
irdrew.12.jpg 1 24 51 125 125
irdrew.13.jpg 1 24 51 124 124
irdrew.14.jpg 1 22 50 126 126
irdrew.16.jpg 1 23 52 124 124
irdrew.17.jpg 1 23 52 124 124
irdrew.19.jpg 1 24 52 123 123
irdrew.2.jpg 1 22 54 124 124
irdrew.20.jpg 1 23 53 123 123
irdrew.3.jpg 1 23 54 124 124
irdrew.4.jpg 1 22 54 126 126
irdrew.5.jpg 1 22 54 126 126
irdrew.7.jpg 1 21 54 126 126
irdrew.8.jpg 1 23 55 125 125
irdrew.9.jpg 1 24 53 124 124
jabins.1.jpg 1 24 54 127 127
jabins.10.jpg 1 30 48 129 129
jabins.11.jpg 1 31 48 130 130
jabins.12.jpg 1 32 49 128 128
jabins.13.jpg 1 31 50 126 126
jabins.14.jpg 1 31 49 128 128
jabins.15.jpg 1 32 51 127 127
jabins.17.jpg 1 33 51 125 125
jabins.18.jpg 1 33 51 126 126
jabins.19.jpg 1 33 49 128 128
jabins.20.jpg 1 35 50 126 126
jabins.3.jpg 1 24 52 129 129
jabins.5.jpg 1 26 53 126 126
jabins.6.jpg 1 27 54 125 125
jabins.7.jpg 1 26 53 125 125
jabins.8.jpg 1 26 53 128 128
jagrif.1.jpg 1 28 53 128 128
jagrif.10.jpg 1 24 54 127 127
jagrif.11.jpg 1 22 53 128 128
jagrif.12.jpg 1 22 52 130 130
jagrif.13.jpg 1 24 52 131 131
jagrif.14.jpg 1 25 53 130 130
jagrif.15.jpg 1 27 55 126 126
jagrif.16.jpg 1 26 54 130 130
jagrif.17.jpg 1 27 55 127 127
jagrif.18.jpg 1 28 56 126 126
jagrif.19.jpg 1 28 56 126 126
jagrif.2.jpg 1 29 54 127 127
jagrif.20.jpg 1 30 58 123 123
jagrif.3.jpg 1 27 51 132 132
jagrif.4.jpg 1 27 51 130 130
jagrif.5.jpg 1 26 51 131 131
jagrif.6.jpg 1 28 53 129 129
jagrif.7.jpg 1 28 54 128 128
jagrif.8.jpg 1 30 55 126 126
jagrif.9.jpg 1 29 55 126 126
jcarte.1.jpg 1 26 46 127 127
jcarte.10.jpg 1 20 44 126 126
jcarte.11.jpg 1 20 44 126 126
jcarte.12.jpg 1 20 44 127 127
jcarte.14.jpg 1 19 45 126 126
jcarte.16.jpg 1 20 45 124 124
jcarte.18.jpg 1 18 45 130 130
jcarte.2.jpg 1 24 48 126 126
jcarte.3.jpg 1 25 48 126 126
jcarte.5.jpg 1 25 44 125 125
jcarte.7.jpg 1 20 39 127 127
jcarte.9.jpg 1 20 45 125 125
jdbenm.1.jpg 1 28 40 132 132
jdbenm.10.jpg 1 22 43 136 136
jdbenm.11.jpg 1 20 43 136 136
jdbenm.12.jpg 1 22 46 135 135
jdbenm.13.jpg 1 21 45 133 133
jdbenm.14.jpg 1 20 42 135 135
jdbenm.15.jpg 1 21 45 137 137
jdbenm.16.jpg 1 24 47 134 134
jdbenm.17.jpg 1 25 46 134 134
jdbenm.18.jpg 1 25 45 132 132
jdbenm.19.jpg 1 23 43 134 134
jdbenm.2.jpg 1 19 32 138 138
jdbenm.20.jpg 1 24 45 132 132
jdbenm.3.jpg 1 17 37 137 137
jdbenm.4.jpg 1 20 43 133 133
jdbenm.5.jpg 1 22 41 135 135
jdbenm.6.jpg 1 24 44 131 131
jdbenm.7.jpg 1 19 45 134 134
jdbenm.8.jpg 1 22 42 135 135
jdbenm.9.jpg 1 22 44 133 133
jgloma.1.jpg 1 20 54 124 124
jgloma.10.jpg 1 24 59 119 119
jgloma.11.jpg 1 24 60 119 119
jgloma.12.jpg 1 25 60 119 119
jgloma.13.jpg 1 25 60 119 119
jgloma.14.jpg 1 26 61 118 118
jgloma.15.jpg 1 24 61 119 119
jgloma.16.jpg 1 25 59 121 121
jgloma.17.jpg 1 25 59 120 120
jgloma.18.jpg 1 27 63 116 116
jgloma.19.jpg 1 26 61 118 118
jgloma.2.jpg 1 22 57 121 121
jgloma.20.jpg 1 26 61 120 120
jgloma.3.jpg 1 22 57 121 121
jgloma.4.jpg 1 24 59 119 119
jgloma.5.jpg 1 23 58 121 121
jgloma.6.jpg 1 23 59 120 120
jgloma.7.jpg 1 25 60 117 117
jgloma.8.jpg 1 24 60 119 119
jgloma.9.jpg 1 24 59 120 120
jlemon.1.jpg 1 17 34 145 145
jlemon.10.jpg 1 15 32 147 147
jlemon.11.jpg 1 17 32 144 144
jlemon.12.jpg 1 19 33 140 140
jlemon.13.jpg 1 16 33 145 145
jlemon.14.jpg 1 16 33 145 145
jlemon.15.jpg 1 19 35 141 141
jlemon.16.jpg 1 18 33 144 144
jlemon.17.jpg 1 17 33 144 144
jlemon.18.jpg 1 17 33 144 144
jlemon.19.jpg 1 16 32 145 145
jlemon.20.jpg 1 16 33 144 144
jlemon.4.jpg 1 17 27 144 144
jlemon.5.jpg 1 17 29 142 142
jlemon.7.jpg 1 16 31 145 145
jlemon.8.jpg 1 16 32 144 144
jmedin.1.jpg 1 26 55 124 124
jmedin.10.jpg 1 27 52 123 123
jmedin.11.jpg 1 26 54 123 123
jmedin.12.jpg 1 25 53 128 128
jmedin.13.jpg 1 22 53 126 126
jmedin.14.jpg 1 21 53 128 128
jmedin.16.jpg 1 21 53 126 126
jmedin.17.jpg 1 21 52 129 129
jmedin.18.jpg 1 22 53 127 127
jmedin.19.jpg 1 21 54 127 127
jmedin.2.jpg 1 25 55 124 124
jmedin.3.jpg 1 27 58 121 121
jmedin.4.jpg 1 26 55 126 126
jmedin.5.jpg 1 26 54 128 128
jmedin.6.jpg 1 24 53 130 130
jmedin.7.jpg 1 27 56 124 124
jmedin.8.jpg 1 27 55 124 124
jrtobi.1.jpg 1 21 48 133 133
jrtobi.10.jpg 1 19 45 135 135
jrtobi.11.jpg 1 21 47 132 132
jrtobi.12.jpg 1 21 47 132 132
jrtobi.13.jpg 1 18 47 134 134
jrtobi.14.jpg 1 19 47 134 134
jrtobi.15.jpg 1 21 47 131 131
jrtobi.16.jpg 1 22 48 131 131
jrtobi.17.jpg 1 25 50 129 129
jrtobi.18.jpg 1 25 48 130 130
jrtobi.19.jpg 1 23 49 132 132
jrtobi.2.jpg 1 22 50 131 131
jrtobi.20.jpg 1 24 49 132 132
jrtobi.3.jpg 1 22 50 130 130
jrtobi.4.jpg 1 23 49 132 132
jrtobi.5.jpg 1 21 50 131 131
jrtobi.6.jpg 1 22 50 131 131
jrtobi.7.jpg 1 21 50 131 131
jrtobi.8.jpg 1 21 52 129 129
jrtobi.9.jpg 1 21 50 131 131
kaatki.1.jpg 1 14 44 128 128
kaatki.10.jpg 1 19 43 126 126
kaatki.11.jpg 1 16 43 126 126
kaatki.12.jpg 1 16 43 129 129
kaatki.13.jpg 1 17 43 130 130
kaatki.14.jpg 1 21 42 130 130
kaatki.15.jpg 1 19 43 131 131
kaatki.16.jpg 1 22 44 128 128
kaatki.17.jpg 1 22 45 129 129
kaatki.18.jpg 1 21 44 131 131
kaatki.19.jpg 1 22 44 128 128
kaatki.2.jpg 1 12 42 130 130
kaatki.20.jpg 1 23 45 127 127
kaatki.3.jpg 1 16 41 131 131
kaatki.4.jpg 1 18 42 128 128
kaatki.5.jpg 1 22 42 130 130
kaatki.6.jpg 1 23 41 132 132
kaatki.7.jpg 1 23 44 128 128
kaatki.8.jpg 1 21 43 132 132
kaatki.9.jpg 1 23 44 127 127
kaknig.1.jpg 1 19 37 137 137
kaknig.10.jpg 1 21 39 135 135
kaknig.11.jpg 1 18 40 140 140
kaknig.12.jpg 1 20 41 137 137
kaknig.13.jpg 1 17 40 140 140
kaknig.14.jpg 1 19 40 139 139
kaknig.15.jpg 1 15 38 141 141
kaknig.16.jpg 1 16 39 139 139
kaknig.17.jpg 1 17 41 137 137
kaknig.18.jpg 1 15 41 139 139
kaknig.19.jpg 1 18 45 137 137
kaknig.2.jpg 1 19 39 136 136
kaknig.20.jpg 1 18 44 138 138
kaknig.3.jpg 1 19 39 136 136
kaknig.4.jpg 1 23 42 133 133
kaknig.5.jpg 1 22 40 136 136
kaknig.6.jpg 1 24 41 133 133
kaknig.7.jpg 1 26 42 132 132
kaknig.8.jpg 1 24 42 133 133
kaknig.9.jpg 1 20 36 140 140
kaknig.jpg 1 19 37 137 137
kdjone.1.jpg 1 16 39 140 140
kdjone.11.jpg 1 17 40 139 139
kdjone.12.jpg 1 14 39 141 141
kdjone.14.jpg 1 16 43 136 136
kdjone.15.jpg 1 13 42 137 137
kdjone.16.jpg 1 14 42 138 138
kdjone.17.jpg 1 12 42 138 138
kdjone.18.jpg 1 16 45 134 134
kdjone.19.jpg 1 15 44 136 136
kdjone.20.jpg 1 15 45 136 136
kdjone.3.jpg 1 15 41 138 138
kdjone.4.jpg 1 16 41 139 139
kdjone.5.jpg 1 20 44 135 135
kdjone.6.jpg 1 20 46 134 134
kdjone.7.jpg 1 19 46 136 136
kdjone.8.jpg 1 19 47 135 135
kdjone.9.jpg 1 20 44 137 137
khchan.1.jpg 1 19 45 129 129
khchan.10.jpg 1 23 49 129 129
khchan.11.jpg 1 20 42 130 130
khchan.12.jpg 1 21 46 128 128
khchan.13.jpg 1 20 48 129 129
khchan.14.jpg 1 20 47 129 129
khchan.15.jpg 1 17 51 127 127
khchan.16.jpg 1 16 49 128 128
khchan.17.jpg 1 15 54 124 124
khchan.18.jpg 1 16 51 127 127
khchan.19.jpg 1 13 46 131 131
khchan.2.jpg 1 18 47 128 128
khchan.20.jpg 1 15 52 125 125
khchan.3.jpg 1 15 46 130 130
khchan.4.jpg 1 16 47 127 127
khchan.5.jpg 1 20 48 126 126
khchan.6.jpg 1 19 46 127 127
khchan.7.jpg 1 17 47 128 128
khchan.8.jpg 1 20 54 125 125
khchan.9.jpg 1 19 50 129 129
khughe.1.jpg 1 32 75 109 109
khughe.10.jpg 1 36 65 114 114
khughe.11.jpg 1 38 67 113 113
khughe.12.jpg 1 39 66 113 113
khughe.13.jpg 1 38 66 112 112
khughe.14.jpg 1 37 67 113 113
khughe.15.jpg 1 36 65 115 115
khughe.16.jpg 1 37 66 113 113
khughe.17.jpg 1 35 66 112 112
khughe.18.jpg 1 35 67 112 112
khughe.19.jpg 1 33 66 113 113
khughe.2.jpg 1 32 74 111 111
khughe.20.jpg 1 34 68 111 111
khughe.3.jpg 1 34 73 110 110
khughe.4.jpg 1 36 73 111 111
khughe.5.jpg 1 38 74 110 110
khughe.6.jpg 1 39 73 110 110
khughe.7.jpg 1 40 72 110 110
khughe.8.jpg 1 42 68 111 111
khughe.9.jpg 1 37 65 112 112
kjwith.1.jpg 1 24 42 130 130
kjwith.10.jpg 1 24 41 132 132
kjwith.11.jpg 1 23 41 132 132
kjwith.12.jpg 1 22 40 132 132
kjwith.13.jpg 1 23 40 131 131
kjwith.14.jpg 1 21 40 133 133
kjwith.15.jpg 1 22 39 133 133
kjwith.16.jpg 1 23 40 133 133
kjwith.17.jpg 1 24 39 133 133
kjwith.18.jpg 1 23 39 135 135
kjwith.19.jpg 1 22 38 133 133
kjwith.2.jpg 1 23 41 131 131
kjwith.20.jpg 1 24 37 133 133
kjwith.3.jpg 1 23 41 131 131
kjwith.4.jpg 1 23 40 132 132
kjwith.6.jpg 1 23 41 131 131
kjwith.7.jpg 1 22 41 131 131
kjwith.8.jpg 1 22 41 130 130
kjwith.9.jpg 1 23 41 132 132
klclar.1.jpg 1 13 57 125 125
klclar.10.jpg 1 24 53 129 129
klclar.11.jpg 1 24 55 128 128
klclar.12.jpg 1 22 53 130 130
klclar.13.jpg 1 21 54 128 128
klclar.14.jpg 1 21 54 129 129
klclar.15.jpg 1 20 54 128 128
klclar.16.jpg 1 20 55 128 128
klclar.17.jpg 1 20 54 128 128
klclar.18.jpg 1 20 53 129 129
klclar.19.jpg 1 20 55 127 127
klclar.2.jpg 1 13 56 126 126
klclar.20.jpg 1 19 53 128 128
klclar.3.jpg 1 15 62 122 122
klclar.4.jpg 1 13 63 123 123
klclar.5.jpg 1 14 62 124 124
klclar.6.jpg 1 11 58 126 126
klclar.7.jpg 1 14 55 126 126
klclar.8.jpg 1 18 56 127 127
klclar.9.jpg 1 24 52 129 129
klclar.jpg 1 13 57 125 125
ksunth.1.jpg 1 17 49 118 118
ksunth.10.jpg 1 14 47 119 119
ksunth.11.jpg 1 15 49 117 117
ksunth.12.jpg 1 18 54 110 110
ksunth.13.jpg 1 20 55 106 106
ksunth.14.jpg 1 21 57 105 105
ksunth.15.jpg 1 16 51 114 114
ksunth.16.jpg 1 18 54 107 107
ksunth.17.jpg 1 19 43 113 113
ksunth.18.jpg 1 18 44 118 118
ksunth.19.jpg 1 17 45 116 116
ksunth.2.jpg 1 18 51 113 113
ksunth.20.jpg 1 19 46 117 117
ksunth.3.jpg 1 10 48 118 118
ksunth.4.jpg 1 14 55 109 109
ksunth.5.jpg 1 12 49 114 114
ksunth.6.jpg 1 11 47 116 116
ksunth.7.jpg 1 14 54 109 109
ksunth.8.jpg 1 16 61 103 103
ksunth.9.jpg 1 15 50 115 115
ksunth.jpg 1 17 49 118 118
lejnno.1.jpg 1 34 67 120 120
lejnno.10.jpg 1 39 67 121 121
lejnno.11.jpg 1 38 71 119 119
lejnno.12.jpg 1 39 71 119 119
lejnno.13.jpg 1 39 71 120 120
lejnno.14.jpg 1 43 73 116 116
lejnno.15.jpg 1 35 70 120 120
lejnno.16.jpg 1 39 70 120 120
lejnno.17.jpg 1 40 65 122 122
lejnno.19.jpg 1 40 68 118 118
lejnno.2.jpg 1 35 68 120 120
lejnno.20.jpg 1 39 70 117 117
lejnno.3.jpg 1 35 69 120 120
lejnno.4.jpg 1 35 68 121 121
lejnno.5.jpg 1 37 67 122 122
lejnno.6.jpg 1 39 70 119 119
lejnno.7.jpg 1 39 69 120 120
lejnno.8.jpg 1 39 70 118 118
lejnno.9.jpg 1 38 69 120 120
lfso.1.jpg 1 25 45 131 131
lfso.10.jpg 1 26 43 133 133
lfso.11.jpg 1 27 42 133 133
lfso.12.jpg 1 27 43 130 130
lfso.13.jpg 1 27 43 131 131
lfso.14.jpg 1 29 43 131 131
lfso.15.jpg 1 28 42 131 131
lfso.16.jpg 1 25 41 133 133
lfso.17.jpg 1 27 43 132 132
lfso.18.jpg 1 26 42 133 133
lfso.19.jpg 1 27 42 131 131
lfso.2.jpg 1 25 45 131 131
lfso.20.jpg 1 26 41 133 133
lfso.3.jpg 1 22 44 134 134
lfso.4.jpg 1 24 44 133 133
lfso.5.jpg 1 22 44 134 134
lfso.6.jpg 1 25 45 132 132
lfso.7.jpg 1 25 44 132 132
lfso.8.jpg 1 25 44 132 132
lfso.jpg 1 25 45 131 131
lyond.10.jpg 1 16 27 136 136
lyond.11.jpg 1 14 28 138 138
lyond.12.jpg 1 14 27 135 135
lyond.13.jpg 1 9 26 141 141
lyond.14.jpg 1 8 32 133 133
lyond.16.jpg 1 7 31 131 131
lyond.17.jpg 1 9 30 133 133
lyond.19.jpg 1 12 29 136 136
lyond.20.jpg 1 11 27 139 139
lyond.4.jpg 1 16 30 140 140
lyond.6.jpg 1 17 32 135 135
lyond.8.jpg 1 16 19 139 139
lyond.9.jpg 1 18 28 134 134
maasht.1.jpg 1 27 67 119 119
maasht.10.jpg 1 36 65 121 121
maasht.11.jpg 1 31 64 123 123
maasht.12.jpg 1 34 70 116 116
maasht.13.jpg 1 32 69 118 118
maasht.14.jpg 1 31 67 121 121
maasht.15.jpg 1 34 71 116 116
maasht.16.jpg 1 33 70 116 116
maasht.17.jpg 1 31 69 118 118
maasht.18.jpg 1 28 68 120 120
maasht.19.jpg 1 30 68 119 119
maasht.2.jpg 1 29 65 122 122
maasht.20.jpg 1 30 68 120 120
maasht.3.jpg 1 30 66 120 120
maasht.4.jpg 1 36 67 119 119
maasht.5.jpg 1 38 68 119 119
maasht.6.jpg 1 35 69 119 119
maasht.7.jpg 1 36 69 119 119
maasht.8.jpg 1 35 67 122 122
maasht.9.jpg 1 40 67 119 119
macci.1.jpg 1 19 39 138 138
macci.10.jpg 1 17 39 142 142
macci.11.jpg 1 18 41 138 138
macci.12.jpg 1 18 40 140 140
macci.14.jpg 1 19 39 137 137
macci.15.jpg 1 20 41 135 135
macci.17.jpg 1 21 42 134 134
macci.18.jpg 1 17 38 144 144
macci.2.jpg 1 22 39 141 141
macci.3.jpg 1 22 38 137 137
macci.4.jpg 1 20 39 139 139
macci.5.jpg 1 19 40 136 136
macci.7.jpg 1 18 39 141 141
macci.9.jpg 1 20 39 139 139
martin.1.jpg 1 21 39 130 130
martin.10.jpg 1 21 36 133 133
martin.11.jpg 1 18 38 133 133
martin.12.jpg 1 18 40 129 129
martin.13.jpg 1 17 40 130 130
martin.14.jpg 1 19 42 129 129
martin.16.jpg 1 20 41 127 127
martin.19.jpg 1 19 40 129 129
martin.2.jpg 1 20 37 132 132
martin.3.jpg 1 21 37 131 131
martin.4.jpg 1 20 37 132 132
martin.6.jpg 1 20 37 132 132
martin.7.jpg 1 22 37 130 130
martin.8.jpg 1 22 38 130 130
mberdo.1.jpg 1 19 57 129 129
mberdo.10.jpg 1 24 46 130 130
mberdo.11.jpg 1 23 49 132 132
mberdo.13.jpg 1 22 52 129 129
mberdo.14.jpg 1 21 55 130 130
mberdo.15.jpg 1 24 52 128 128
mberdo.16.jpg 1 27 54 127 127
mberdo.17.jpg 1 24 49 130 130
mberdo.18.jpg 1 26 49 130 130
mberdo.19.jpg 1 25 49 130 130
mberdo.2.jpg 1 15 57 129 129
mberdo.20.jpg 1 26 48 130 130
mberdo.3.jpg 1 20 58 127 127
mberdo.4.jpg 1 20 56 129 129
mberdo.5.jpg 1 20 56 129 129
mberdo.6.jpg 1 21 55 129 129
mberdo.7.jpg 1 21 56 128 128
mberdo.8.jpg 1 20 55 129 129
mberdo.9.jpg 1 22 57 126 126
mbutle.1.jpg 1 35 62 120 120
mbutle.10.jpg 1 31 61 123 123
mbutle.11.jpg 1 35 61 122 122
mbutle.12.jpg 1 34 62 119 119
mbutle.13.jpg 1 34 63 118 118
mbutle.14.jpg 1 31 60 122 122
mbutle.15.jpg 1 31 62 120 120
mbutle.16.jpg 1 31 63 120 120
mbutle.17.jpg 1 28 61 122 122
mbutle.18.jpg 1 29 63 121 121
mbutle.19.jpg 1 31 64 118 118
mbutle.2.jpg 1 35 62 120 120
mbutle.20.jpg 1 30 63 118 118
mbutle.3.jpg 1 35 63 119 119
mbutle.4.jpg 1 37 62 119 119
mbutle.5.jpg 1 33 62 121 121
mbutle.6.jpg 1 34 63 118 118
mbutle.7.jpg 1 31 60 122 122
mbutle.8.jpg 1 32 62 119 119
mbutle.9.jpg 1 34 63 118 118
mbutle.jpg 1 35 62 120 120
mdpove.1.jpg 1 42 70 113 113
mdpove.11.jpg 1 27 54 120 120
mdpove.12.jpg 1 26 55 122 122
mdpove.13.jpg 1 25 56 121 121
mdpove.14.jpg 1 25 56 120 120
mdpove.15.jpg 1 24 53 123 123
mdpove.16.jpg 1 22 54 123 123
mdpove.17.jpg 1 22 56 121 121
mdpove.18.jpg 1 22 56 121 121
mdpove.19.jpg 1 21 55 122 122
mdpove.2.jpg 1 43 69 114 114
mdpove.20.jpg 1 21 57 120 120
mdpove.3.jpg 1 43 68 113 113
mdpove.4.jpg 1 42 68 113 113
mdpove.5.jpg 1 41 66 115 115
mdpove.6.jpg 1 37 69 112 112
mdpove.7.jpg 1 32 66 118 118
mdpove.8.jpg 1 33 63 116 116
mdpove.9.jpg 1 30 61 116 116
mefait.1.jpg 1 15 53 131 131
mefait.10.jpg 1 10 47 131 131
mefait.11.jpg 1 8 48 128 128
mefait.12.jpg 1 11 45 135 135
mefait.13.jpg 1 12 46 133 133
mefait.15.jpg 1 14 44 134 134
mefait.16.jpg 1 13 44 136 136
mefait.17.jpg 1 16 44 135 135
mefait.18.jpg 1 16 44 139 139
mefait.19.jpg 1 17 45 133 133
mefait.2.jpg 1 14 52 133 133
mefait.20.jpg 1 17 44 137 137
mefait.3.jpg 1 15 53 129 129
mefait.4.jpg 1 15 53 129 129
mefait.5.jpg 1 14 53 130 130
mefait.7.jpg 1 14 53 129 129
mefait.8.jpg 1 14 52 130 130
mefait.9.jpg 1 12 53 129 129
mhwill.1.jpg 1 18 49 136 136
mhwill.10.jpg 1 17 52 133 133
mhwill.11.jpg 1 16 54 133 133
mhwill.12.jpg 1 17 55 133 133
mhwill.13.jpg 1 14 54 132 132
mhwill.14.jpg 1 14 54 131 131
mhwill.15.jpg 1 14 56 131 131
mhwill.16.jpg 1 12 55 134 134
mhwill.17.jpg 1 14 57 130 130
mhwill.18.jpg 1 14 55 131 131
mhwill.19.jpg 1 13 54 133 133
mhwill.2.jpg 1 18 49 135 135
mhwill.20.jpg 1 13 55 131 131
mhwill.3.jpg 1 17 49 138 138
mhwill.4.jpg 1 17 52 135 135
mhwill.5.jpg 1 19 56 129 129
mhwill.6.jpg 1 20 55 129 129
mhwill.7.jpg 1 20 51 132 132
mhwill.8.jpg 1 17 51 136 136
mhwill.9.jpg 1 13 45 139 139
miaduc.1.jpg 1 23 42 136 136
miaduc.10.jpg 1 24 49 131 131
miaduc.12.jpg 1 20 45 132 132
miaduc.13.jpg 1 21 45 132 132
miaduc.14.jpg 1 24 47 132 132
miaduc.15.jpg 1 20 44 134 134
miaduc.16.jpg 1 24 46 131 131
miaduc.17.jpg 1 22 49 132 132
miaduc.18.jpg 1 22 51 132 132
miaduc.19.jpg 1 24 52 130 130
miaduc.2.jpg 1 21 41 136 136
miaduc.20.jpg 1 22 51 130 130
miaduc.3.jpg 1 22 43 135 135
miaduc.4.jpg 1 21 43 136 136
miaduc.5.jpg 1 24 45 134 134
miaduc.6.jpg 1 27 47 132 132
miaduc.7.jpg 1 29 48 130 130
miaduc.8.jpg 1 27 48 132 132
miaduc.9.jpg 1 24 48 133 133
michael.1.jpg 1 15 46 131 131
michael.10.jpg 1 6 45 126 126
michael.12.jpg 1 6 47 126 126
michael.13.jpg 1 11 48 125 125
michael.15.jpg 1 15 48 125 125
michael.16.jpg 1 13 40 137 137
michael.18.jpg 1 20 45 131 131
michael.19.jpg 1 18 44 132 132
michael.2.jpg 1 16 48 128 128
michael.20.jpg 1 17 44 132 132
michael.4.jpg 1 11 45 132 132
michael.5.jpg 1 9 44 131 131
michael.7.jpg 1 9 48 126 126
michael.8.jpg 1 9 47 128 128
michael.9.jpg 1 9 48 127 127
mjhans.1.jpg 1 25 42 134 134
mjhans.10.jpg 1 28 38 134 134
mjhans.12.jpg 1 28 37 133 133
mjhans.13.jpg 1 25 36 134 134
mjhans.14.jpg 1 28 34 133 133
mjhans.15.jpg 1 26 33 135 135
mjhans.16.jpg 1 26 35 135 135
mjhans.17.jpg 1 24 35 137 137
mjhans.18.jpg 1 26 35 134 134
mjhans.19.jpg 1 25 35 134 134
mjhans.2.jpg 1 24 39 135 135
mjhans.20.jpg 1 22 35 137 137
mjhans.3.jpg 1 24 39 134 134
mjhans.4.jpg 1 28 40 131 131
mjhans.5.jpg 1 27 38 134 134
mjhans.6.jpg 1 28 40 131 131
mjhans.7.jpg 1 30 37 134 134
mjhans.8.jpg 1 29 38 135 135
mjhans.9.jpg 1 27 38 134 134
moors.1.jpg 1 20 37 142 142
moors.10.jpg 1 18 37 141 141
moors.11.jpg 1 20 38 140 140
moors.12.jpg 1 18 38 139 139
moors.13.jpg 1 20 40 139 139
moors.14.jpg 1 18 39 140 140
moors.15.jpg 1 18 41 138 138
moors.17.jpg 1 17 41 140 140
moors.18.jpg 1 19 41 139 139
moors.19.jpg 1 17 41 139 139
moors.2.jpg 1 19 38 140 140
moors.20.jpg 1 14 40 141 141
moors.3.jpg 1 18 36 143 143
moors.4.jpg 1 20 38 140 140
moors.5.jpg 1 20 37 141 141
moors.6.jpg 1 19 38 141 141
moors.7.jpg 1 19 35 140 140
moors.8.jpg 1 19 37 140 140
moors.9.jpg 1 20 39 139 139
mpetti.1.jpg 1 33 62 116 116
mpetti.10.jpg 1 32 59 120 120
mpetti.11.jpg 1 32 58 120 120
mpetti.12.jpg 1 32 56 123 123
mpetti.13.jpg 1 32 57 123 123
mpetti.14.jpg 1 32 56 124 124
mpetti.15.jpg 1 32 54 120 120
mpetti.16.jpg 1 27 53 125 125
mpetti.17.jpg 1 26 53 127 127
mpetti.18.jpg 1 28 56 122 122
mpetti.19.jpg 1 29 59 123 123
mpetti.2.jpg 1 31 59 121 121
mpetti.20.jpg 1 25 58 127 127
mpetti.3.jpg 1 31 60 120 120
mpetti.4.jpg 1 30 59 123 123
mpetti.5.jpg 1 31 59 121 121
mpetti.6.jpg 1 31 59 120 120
mpetti.7.jpg 1 31 60 119 119
mpetti.8.jpg 1 29 59 122 122
muthay.1.jpg 1 22 49 134 134
muthay.10.jpg 1 25 44 138 138
muthay.11.jpg 1 28 45 137 137
muthay.12.jpg 1 32 47 133 133
muthay.13.jpg 1 36 46 129 129
muthay.14.jpg 1 33 47 130 130
muthay.15.jpg 1 29 46 136 136
muthay.16.jpg 1 29 44 136 136
muthay.17.jpg 1 32 46 133 133
muthay.18.jpg 1 30 45 134 134
muthay.19.jpg 1 27 45 137 137
muthay.2.jpg 1 20 50 136 136
muthay.20.jpg 1 29 46 135 135
muthay.3.jpg 1 19 50 136 136
muthay.4.jpg 1 21 49 135 135
muthay.5.jpg 1 22 50 135 135
muthay.6.jpg 1 22 50 134 134
muthay.7.jpg 1 21 50 136 136
muthay.8.jpg 1 22 48 135 135
nahaig.1.jpg 1 20 35 140 140
nahaig.10.jpg 1 30 30 135 135
nahaig.11.jpg 1 32 31 136 136
nahaig.12.jpg 1 31 29 135 135
nahaig.13.jpg 1 40 33 128 128
nahaig.15.jpg 1 42 38 127 127
nahaig.16.jpg 1 38 35 129 129
nahaig.17.jpg 1 43 38 128 128
nahaig.18.jpg 1 34 40 132 132
nahaig.19.jpg 1 39 40 129 129
nahaig.2.jpg 1 18 34 139 139
nahaig.20.jpg 1 30 35 136 136
nahaig.3.jpg 1 19 34 141 141
nahaig.5.jpg 1 20 37 138 138
nahaig.6.jpg 1 20 38 139 139
nahaig.7.jpg 1 22 38 138 138
nahaig.8.jpg 1 21 36 139 139
nahaig.9.jpg 1 24 35 135 135
namull.1.jpg 1 22 58 122 122
namull.10.jpg 1 21 51 125 125
namull.12.jpg 1 18 50 127 127
namull.13.jpg 1 18 49 126 126
namull.14.jpg 1 19 48 126 126
namull.15.jpg 1 16 48 129 129
namull.17.jpg 1 20 49 126 126
namull.19.jpg 1 16 49 129 129
namull.2.jpg 1 23 55 124 124
namull.20.jpg 1 17 50 126 126
namull.3.jpg 1 21 54 126 126
namull.4.jpg 1 22 55 125 125
namull.5.jpg 1 22 52 126 126
namull.7.jpg 1 21 53 126 126
namull.8.jpg 1 22 49 129 129
ndbank.1.jpg 1 16 53 128 128
ndbank.10.jpg 1 34 50 124 124
ndbank.11.jpg 1 35 52 123 123
ndbank.12.jpg 1 31 50 124 124
ndbank.13.jpg 1 28 52 129 129
ndbank.15.jpg 1 16 52 131 131
ndbank.16.jpg 1 19 49 133 133
ndbank.17.jpg 1 20 51 129 129
ndbank.18.jpg 1 22 49 132 132
ndbank.19.jpg 1 23 50 130 130
ndbank.2.jpg 1 19 54 130 130
ndbank.20.jpg 1 22 51 131 131
ndbank.3.jpg 1 24 53 129 129
ndbank.4.jpg 1 20 53 129 129
ndbank.5.jpg 1 22 56 125 125
ndbank.6.jpg 1 28 58 121 121
ndbank.7.jpg 1 23 54 127 127
ndbank.8.jpg 1 27 58 123 123
ndbank.9.jpg 1 28 53 126 126
ndhagu.1.jpg 1 25 56 123 123
ndhagu.10.jpg 1 27 58 120 120
ndhagu.11.jpg 1 27 57 123 123
ndhagu.12.jpg 1 27 58 119 119
ndhagu.13.jpg 1 26 58 121 121
ndhagu.14.jpg 1 28 57 121 121
ndhagu.15.jpg 1 27 57 123 123
ndhagu.16.jpg 1 29 57 121 121
ndhagu.17.jpg 1 29 60 121 121
ndhagu.18.jpg 1 29 59 121 121
ndhagu.19.jpg 1 29 60 119 119
ndhagu.2.jpg 1 25 57 121 121
ndhagu.20.jpg 1 30 59 121 121
ndhagu.3.jpg 1 26 57 121 121
ndhagu.4.jpg 1 26 58 121 121
ndhagu.5.jpg 1 26 58 120 120
ndhagu.6.jpg 1 26 58 120 120
ndhagu.8.jpg 1 27 59 119 119
ndhagu.9.jpg 1 28 59 118 118
nhrams.1.jpg 1 22 58 123 123
nhrams.10.jpg 1 23 57 125 125
nhrams.11.jpg 1 26 52 129 129
nhrams.12.jpg 1 26 43 131 131
nhrams.13.jpg 1 17 45 133 133
nhrams.14.jpg 1 22 49 130 130
nhrams.15.jpg 1 24 51 131 131
nhrams.16.jpg 1 25 52 127 127
nhrams.17.jpg 1 24 52 127 127
nhrams.18.jpg 1 22 48 132 132
nhrams.19.jpg 1 24 48 131 131
nhrams.2.jpg 1 20 53 127 127
nhrams.20.jpg 1 23 50 130 130
nhrams.3.jpg 1 17 56 128 128
nhrams.4.jpg 1 18 55 127 127
nhrams.5.jpg 1 21 57 126 126
nhrams.6.jpg 1 21 55 130 130
nhrams.7.jpg 1 27 56 126 126
nhrams.8.jpg 1 22 56 129 129
nhrams.9.jpg 1 23 57 126 126
njmoor.1.jpg 1 28 47 129 129
njmoor.10.jpg 1 30 49 127 127
njmoor.12.jpg 1 28 47 129 129
njmoor.13.jpg 1 28 46 130 130
njmoor.14.jpg 1 25 46 132 132
njmoor.15.jpg 1 25 46 132 132
njmoor.16.jpg 1 27 46 130 130
njmoor.17.jpg 1 26 47 131 131
njmoor.18.jpg 1 25 46 132 132
njmoor.19.jpg 1 25 48 131 131
njmoor.20.jpg 1 23 44 134 134
njmoor.3.jpg 1 28 48 129 129
njmoor.4.jpg 1 27 48 129 129
njmoor.5.jpg 1 28 47 129 129
njmoor.6.jpg 1 27 48 130 130
njmoor.7.jpg 1 30 49 126 126
njmoor.8.jpg 1 29 49 128 128
njmoor.9.jpg 1 29 49 128 128
npbour.1.jpg 1 17 54 134 134
npbour.10.jpg 1 18 56 131 131
npbour.11.jpg 1 19 54 131 131
npbour.13.jpg 1 16 54 133 133
npbour.14.jpg 1 17 56 131 131
npbour.15.jpg 1 16 57 131 131
npbour.16.jpg 1 17 55 132 132
npbour.17.jpg 1 16 56 130 130
npbour.18.jpg 1 18 55 132 132
npbour.19.jpg 1 18 56 130 130
npbour.2.jpg 1 15 54 135 135
npbour.20.jpg 1 17 55 134 134
npbour.4.jpg 1 17 54 133 133
npbour.5.jpg 1 18 53 135 135
npbour.6.jpg 1 19 54 134 134
npbour.7.jpg 1 19 54 133 133
npbour.8.jpg 1 17 51 136 136
npmitc.1.jpg 1 28 63 120 120
npmitc.10.jpg 1 33 62 120 120
npmitc.11.jpg 1 33 61 121 121
npmitc.12.jpg 1 32 61 121 121
npmitc.13.jpg 1 33 62 119 119
npmitc.14.jpg 1 33 61 120 120
npmitc.16.jpg 1 32 62 121 121
npmitc.17.jpg 1 32 61 123 123
npmitc.18.jpg 1 29 61 125 125
npmitc.19.jpg 1 31 63 121 121
npmitc.2.jpg 1 27 64 124 124
npmitc.20.jpg 1 31 63 121 121
npmitc.3.jpg 1 28 67 120 120
npmitc.4.jpg 1 31 74 117 117
npmitc.5.jpg 1 30 79 114 114
npmitc.6.jpg 1 33 78 114 114
npmitc.7.jpg 1 33 72 115 115
npmitc.8.jpg 1 32 64 119 119
npmitc.9.jpg 1 31 64 123 123
nrclar.1.jpg 1 19 35 133 133
nrclar.10.jpg 1 23 34 130 130
nrclar.11.jpg 1 25 34 128 128
nrclar.12.jpg 1 25 32 129 129
nrclar.13.jpg 1 25 35 129 129
nrclar.14.jpg 1 28 37 128 128
nrclar.15.jpg 1 28 36 129 129
nrclar.17.jpg 1 27 32 129 129
nrclar.18.jpg 1 27 36 127 127
nrclar.19.jpg 1 28 36 128 128
nrclar.2.jpg 1 21 36 132 132
nrclar.20.jpg 1 26 37 127 127
nrclar.3.jpg 1 18 36 133 133
nrclar.4.jpg 1 17 37 132 132
nrclar.6.jpg 1 24 38 131 131
nrclar.7.jpg 1 24 38 130 130
nrclar.8.jpg 1 23 37 131 131
nrclar.9.jpg 1 22 37 130 130
nrrbar.1.jpg 1 28 54 119 119
nrrbar.10.jpg 1 33 54 119 119
nrrbar.11.jpg 1 34 55 117 117
nrrbar.13.jpg 1 34 56 118 118
nrrbar.15.jpg 1 35 55 117 117
nrrbar.16.jpg 1 31 54 120 120
nrrbar.18.jpg 1 35 54 118 118
nrrbar.19.jpg 1 34 55 120 120
nrrbar.2.jpg 1 28 53 120 120
nrrbar.20.jpg 1 35 56 119 119
nrrbar.3.jpg 1 29 53 120 120
nrrbar.4.jpg 1 28 53 122 122
nrrbar.5.jpg 1 32 54 118 118
nrrbar.6.jpg 1 30 53 120 120
nrrbar.7.jpg 1 32 54 119 119
nrrbar.9.jpg 1 32 52 123 123
nwilli.1.jpg 1 29 58 115 115
nwilli.11.jpg 1 37 59 112 112
nwilli.12.jpg 1 35 61 114 114
nwilli.13.jpg 1 35 58 111 111
nwilli.14.jpg 1 31 58 113 113
nwilli.16.jpg 1 33 57 113 113
nwilli.17.jpg 1 30 57 114 114
nwilli.18.jpg 1 31 53 116 116
nwilli.19.jpg 1 32 53 117 117
nwilli.2.jpg 1 28 58 117 117
nwilli.20.jpg 1 34 54 115 115
nwilli.4.jpg 1 29 58 114 114
nwilli.6.jpg 1 27 58 116 116
nwilli.7.jpg 1 29 57 115 115
nwilli.8.jpg 1 30 58 114 114
nwilli.9.jpg 1 31 52 113 113
obeidn.1.jpg 1 23 37 128 128
obeidn.10.jpg 1 25 35 126 126
obeidn.12.jpg 1 25 35 127 127
obeidn.13.jpg 1 25 35 126 126
obeidn.14.jpg 1 24 35 128 128
obeidn.15.jpg 1 23 34 129 129
obeidn.17.jpg 1 25 35 127 127
obeidn.18.jpg 1 26 36 124 124
obeidn.19.jpg 1 24 35 127 127
obeidn.2.jpg 1 23 37 128 128
obeidn.3.jpg 1 23 37 129 129
obeidn.4.jpg 1 23 36 129 129
obeidn.5.jpg 1 24 36 128 128
obeidn.6.jpg 1 24 36 127 127
obeidn.7.jpg 1 26 35 126 126
obeidn.8.jpg 1 26 36 125 125
obeidn.9.jpg 1 24 35 128 128
ohpark.1.jpg 1 29 47 128 128
ohpark.10.jpg 1 28 44 131 131
ohpark.11.jpg 1 29 46 128 128
ohpark.12.jpg 1 26 43 131 131
ohpark.13.jpg 1 26 44 132 132
ohpark.14.jpg 1 25 45 130 130
ohpark.15.jpg 1 24 44 132 132
ohpark.16.jpg 1 25 45 130 130
ohpark.17.jpg 1 24 44 131 131
ohpark.18.jpg 1 21 45 134 134
ohpark.19.jpg 1 20 45 134 134
ohpark.2.jpg 1 32 45 128 128
ohpark.20.jpg 1 20 46 131 131
ohpark.3.jpg 1 29 45 129 129
ohpark.4.jpg 1 29 45 131 131
ohpark.5.jpg 1 29 46 132 132
ohpark.6.jpg 1 30 45 132 132
ohpark.7.jpg 1 29 46 130 130
ohpark.9.jpg 1 28 43 131 131
pacole.1.jpg 1 23 46 136 136
pacole.10.jpg 1 28 45 136 136
pacole.11.jpg 1 28 44 135 135
pacole.12.jpg 1 28 45 133 133
pacole.13.jpg 1 27 42 136 136
pacole.14.jpg 1 27 47 134 134
pacole.15.jpg 1 27 47 133 133
pacole.17.jpg 1 29 47 132 132
pacole.19.jpg 1 28 46 132 132
pacole.2.jpg 1 23 46 136 136
pacole.20.jpg 1 26 46 135 135
pacole.4.jpg 1 23 45 136 136
pacole.5.jpg 1 23 45 135 135
pacole.6.jpg 1 25 46 134 134
pacole.7.jpg 1 22 45 137 137
pacole.8.jpg 1 23 46 134 134
pacole.9.jpg 1 26 40 137 137
phughe.1.jpg 1 26 54 121 121
phughe.10.jpg 1 27 47 124 124
phughe.11.jpg 1 26 48 126 126
phughe.12.jpg 1 25 49 125 125
phughe.13.jpg 1 25 52 122 122
phughe.14.jpg 1 23 51 125 125
phughe.15.jpg 1 26 48 126 126
phughe.16.jpg 1 25 51 124 124
phughe.17.jpg 1 24 49 126 126
phughe.18.jpg 1 24 51 125 125
phughe.19.jpg 1 25 52 123 123
phughe.2.jpg 1 24 53 125 125
phughe.20.jpg 1 25 52 125 125
phughe.3.jpg 1 28 55 121 121
phughe.4.jpg 1 25 54 123 123
phughe.5.jpg 1 26 56 121 121
phughe.6.jpg 1 27 57 121 121
phughe.7.jpg 1 27 56 122 122
phughe.8.jpg 1 27 53 124 124
phughe.9.jpg 1 28 49 123 123
pmives.1.jpg 1 39 45 121 121
pmives.11.jpg 1 26 39 130 130
pmives.12.jpg 1 23 35 125 125
pmives.13.jpg 1 25 34 131 131
pmives.14.jpg 1 26 39 128 128
pmives.15.jpg 1 30 42 126 126
pmives.16.jpg 1 32 43 125 125
pmives.17.jpg 1 32 44 128 128
pmives.18.jpg 1 30 47 126 126
pmives.19.jpg 1 29 47 129 129
pmives.2.jpg 1 35 43 128 128
pmives.20.jpg 1 31 49 125 125
pmives.3.jpg 1 35 44 128 128
pmives.4.jpg 1 38 44 122 122
pmives.5.jpg 1 37 44 122 122
pmives.6.jpg 1 35 44 126 126
pmives.7.jpg 1 35 46 124 124
pmives.8.jpg 1 35 46 124 124
pmives.9.jpg 1 32 46 126 126
pshurr.1.jpg 1 25 52 126 126
pshurr.10.jpg 1 29 54 125 125
pshurr.11.jpg 1 28 52 126 126
pshurr.12.jpg 1 25 49 126 126
pshurr.13.jpg 1 28 47 126 126
pshurr.14.jpg 1 28 45 123 123
pshurr.15.jpg 1 28 46 126 126
pshurr.16.jpg 1 28 45 128 128
pshurr.17.jpg 1 27 43 128 128
pshurr.18.jpg 1 26 42 129 129
pshurr.19.jpg 1 24 42 128 128
pshurr.2.jpg 1 29 51 125 125
pshurr.20.jpg 1 22 41 129 129
pshurr.3.jpg 1 29 52 124 124
pshurr.4.jpg 1 26 52 127 127
pshurr.5.jpg 1 29 53 125 125
pshurr.6.jpg 1 28 54 125 125
pshurr.7.jpg 1 30 54 122 122
pshurr.8.jpg 1 28 54 127 127
pshurr.9.jpg 1 30 54 125 125
pspliu.1.jpg 1 25 53 124 124
pspliu.10.jpg 1 34 52 123 123
pspliu.12.jpg 1 36 51 121 121
pspliu.13.jpg 1 39 51 122 122
pspliu.14.jpg 1 37 52 120 120
pspliu.15.jpg 1 38 53 119 119
pspliu.16.jpg 1 37 51 121 121
pspliu.17.jpg 1 38 53 121 121
pspliu.18.jpg 1 37 52 122 122
pspliu.19.jpg 1 38 52 120 120
pspliu.2.jpg 1 27 53 123 123
pspliu.20.jpg 1 37 52 120 120
pspliu.4.jpg 1 30 54 121 121
pspliu.5.jpg 1 27 53 125 125
pspliu.7.jpg 1 30 54 123 123
pspliu.8.jpg 1 31 54 123 123
pspliu.9.jpg 1 38 53 118 118
ptnich.1.jpg 1 33 56 122 122
ptnich.10.jpg 1 31 54 122 122
ptnich.11.jpg 1 32 54 124 124
ptnich.13.jpg 1 34 55 124 124
ptnich.14.jpg 1 32 55 124 124
ptnich.15.jpg 1 30 54 126 126
ptnich.16.jpg 1 33 56 123 123
ptnich.17.jpg 1 32 56 123 123
ptnich.18.jpg 1 31 55 123 123
ptnich.19.jpg 1 29 55 125 125
ptnich.2.jpg 1 34 56 124 124
ptnich.20.jpg 1 30 55 125 125
ptnich.3.jpg 1 34 55 123 123
ptnich.4.jpg 1 33 56 122 122
ptnich.5.jpg 1 33 55 123 123
ptnich.6.jpg 1 34 56 121 121
ptnich.7.jpg 1 34 56 122 122
ptnich.9.jpg 1 34 54 124 124
rarobi.1.jpg 1 28 61 122 122
rarobi.10.jpg 1 23 57 125 125
rarobi.11.jpg 1 21 54 129 129
rarobi.12.jpg 1 25 57 126 126
rarobi.13.jpg 1 22 52 129 129
rarobi.14.jpg 1 21 49 134 134
rarobi.15.jpg 1 23 49 129 129
rarobi.16.jpg 1 22 47 130 130
rarobi.17.jpg 1 22 47 131 131
rarobi.18.jpg 1 21 47 132 132
rarobi.19.jpg 1 20 47 132 132
rarobi.2.jpg 1 28 61 122 122
rarobi.20.jpg 1 18 47 134 134
rarobi.3.jpg 1 27 60 123 123
rarobi.4.jpg 1 28 61 122 122
rarobi.5.jpg 1 29 61 120 120
rarobi.6.jpg 1 23 50 129 129
rarobi.7.jpg 1 17 52 130 130
rarobi.8.jpg 1 22 56 127 127
rgharr.1.jpg 1 29 68 115 115
rgharr.10.jpg 1 29 66 116 116
rgharr.11.jpg 1 28 65 117 117
rgharr.12.jpg 1 29 66 117 117
rgharr.13.jpg 1 28 66 115 115
rgharr.14.jpg 1 29 67 115 115
rgharr.15.jpg 1 30 68 115 115
rgharr.16.jpg 1 31 67 115 115
rgharr.17.jpg 1 30 66 116 116
rgharr.18.jpg 1 30 66 116 116
rgharr.19.jpg 1 29 65 116 116
rgharr.2.jpg 1 27 67 115 115
rgharr.20.jpg 1 29 65 116 116
rgharr.3.jpg 1 28 67 115 115
rgharr.4.jpg 1 27 68 115 115
rgharr.5.jpg 1 27 68 114 114
rgharr.6.jpg 1 28 68 114 114
rgharr.7.jpg 1 28 68 116 116
rgharr.8.jpg 1 29 69 113 113
rgharr.9.jpg 1 28 67 116 116
rgspru.1.jpg 1 16 48 139 139
rgspru.10.jpg 1 20 49 139 139
rgspru.11.jpg 1 26 53 133 133
rgspru.12.jpg 1 20 46 142 142
rgspru.13.jpg 1 30 54 132 132
rgspru.14.jpg 1 26 51 137 137
rgspru.15.jpg 1 27 50 137 137
rgspru.16.jpg 1 25 50 137 137
rgspru.17.jpg 1 28 53 132 132
rgspru.18.jpg 1 25 51 136 136
rgspru.19.jpg 1 23 50 138 138
rgspru.2.jpg 1 16 49 137 137
rgspru.20.jpg 1 23 50 138 138
rgspru.3.jpg 1 18 51 136 136
rgspru.4.jpg 1 19 52 135 135
rgspru.5.jpg 1 22 50 136 136
rgspru.6.jpg 1 21 51 136 136
rgspru.7.jpg 1 21 49 137 137
rgspru.8.jpg 1 21 49 138 138
rgspru.9.jpg 1 20 50 138 138
rjlabr.1.jpg 1 15 44 132 132
rjlabr.10.jpg 1 24 45 132 132
rjlabr.11.jpg 1 26 47 130 130
rjlabr.12.jpg 1 24 45 132 132
rjlabr.13.jpg 1 25 44 130 130
rjlabr.14.jpg 1 21 43 133 133
rjlabr.15.jpg 1 20 42 132 132
rjlabr.16.jpg 1 19 41 132 132
rjlabr.17.jpg 1 22 43 133 133
rjlabr.18.jpg 1 21 43 133 133
rjlabr.19.jpg 1 22 44 132 132
rjlabr.2.jpg 1 18 44 132 132
rjlabr.20.jpg 1 20 43 130 130
rjlabr.3.jpg 1 17 44 133 133
rjlabr.5.jpg 1 22 44 131 131
rjlabr.6.jpg 1 23 45 131 131
rjlabr.7.jpg 1 24 44 131 131
rjlabr.8.jpg 1 25 45 130 130
rjlabr.9.jpg 1 24 45 131 131
rlocke.1.jpg 1 32 59 114 114
rlocke.10.jpg 1 36 59 113 113
rlocke.11.jpg 1 33 55 115 115
rlocke.12.jpg 1 34 58 115 115
rlocke.13.jpg 1 32 58 117 117
rlocke.14.jpg 1 32 57 117 117
rlocke.15.jpg 1 35 59 114 114
rlocke.17.jpg 1 34 59 114 114
rlocke.18.jpg 1 33 60 114 114
rlocke.19.jpg 1 32 57 118 118
rlocke.2.jpg 1 31 59 114 114
rlocke.20.jpg 1 34 59 115 115
rlocke.3.jpg 1 32 59 113 113
rlocke.4.jpg 1 32 59 114 114
rlocke.6.jpg 1 34 55 116 116
rlocke.7.jpg 1 35 59 112 112
rlocke.8.jpg 1 36 54 113 113
rlocke.9.jpg 1 37 56 112 112
rmcoll.1.jpg 1 16 54 129 129
rmcoll.11.jpg 1 26 51 128 128
rmcoll.12.jpg 1 22 49 132 132
rmcoll.14.jpg 1 23 51 129 129
rmcoll.16.jpg 1 23 54 126 126
rmcoll.17.jpg 1 24 52 127 127
rmcoll.18.jpg 1 25 54 125 125
rmcoll.19.jpg 1 25 52 127 127
rmcoll.20.jpg 1 25 52 126 126
rmcoll.3.jpg 1 18 54 124 124
rmcoll.5.jpg 1 21 54 125 125
rmcoll.6.jpg 1 22 54 127 127
rmcoll.7.jpg 1 22 53 127 127
rmcoll.8.jpg 1 24 54 125 125
rmpugh.1.jpg 1 29 57 121 121
rmpugh.10.jpg 1 32 51 121 121
rmpugh.11.jpg 1 29 54 121 121
rmpugh.12.jpg 1 28 54 122 122
rmpugh.13.jpg 1 29 54 122 122
rmpugh.14.jpg 1 28 51 123 123
rmpugh.15.jpg 1 28 54 122 122
rmpugh.16.jpg 1 30 56 121 121
rmpugh.17.jpg 1 30 58 118 118
rmpugh.18.jpg 1 31 58 121 121
rmpugh.19.jpg 1 30 56 122 122
rmpugh.20.jpg 1 31 58 120 120
rmpugh.3.jpg 1 30 59 121 121
rmpugh.5.jpg 1 30 59 120 120
rmpugh.6.jpg 1 30 59 120 120
rmpugh.7.jpg 1 30 59 120 120
rmpugh.8.jpg 1 30 56 121 121
rmpugh.9.jpg 1 32 55 119 119
rnpwil.1.jpg 1 34 51 121 121
rnpwil.10.jpg 1 33 60 117 117
rnpwil.11.jpg 1 32 55 122 122
rnpwil.12.jpg 1 33 55 123 123
rnpwil.13.jpg 1 36 57 121 121
rnpwil.15.jpg 1 35 54 121 121
rnpwil.16.jpg 1 32 54 122 122
rnpwil.17.jpg 1 30 51 123 123
rnpwil.19.jpg 1 30 49 123 123
rnpwil.2.jpg 1 37 52 120 120
rnpwil.3.jpg 1 32 52 126 126
rnpwil.4.jpg 1 32 54 121 121
rnpwil.5.jpg 1 36 54 119 119
rnpwil.6.jpg 1 34 53 125 125
rnpwil.7.jpg 1 33 55 122 122
rnpwil.9.jpg 1 27 59 121 121
robin.1.jpg 1 16 37 129 129
robin.10.jpg 1 16 38 127 127
robin.12.jpg 1 15 37 128 128
robin.14.jpg 1 17 41 124 124
robin.15.jpg 1 15 39 127 127
robin.17.jpg 1 15 43 125 125
robin.18.jpg 1 17 43 127 127
robin.2.jpg 1 17 37 128 128
robin.3.jpg 1 18 38 126 126
robin.5.jpg 1 16 36 131 131
robin.6.jpg 1 17 37 129 129
robin.8.jpg 1 17 37 128 128
rrowle.1.jpg 1 28 49 126 126
rrowle.10.jpg 1 30 47 125 125
rrowle.11.jpg 1 29 48 127 127
rrowle.12.jpg 1 30 49 125 125
rrowle.13.jpg 1 25 47 129 129
rrowle.14.jpg 1 27 48 126 126
rrowle.16.jpg 1 27 47 127 127
rrowle.17.jpg 1 26 48 127 127
rrowle.18.jpg 1 26 47 128 128
rrowle.19.jpg 1 26 48 127 127
rrowle.20.jpg 1 25 47 129 129
rrowle.3.jpg 1 30 49 125 125
rrowle.4.jpg 1 32 49 123 123
rrowle.5.jpg 1 32 50 124 124
rrowle.6.jpg 1 33 50 124 124
rrowle.7.jpg 1 32 49 125 125
rrowle.8.jpg 1 33 49 125 125
rrowle.9.jpg 1 33 50 124 124
rsanti.1.jpg 1 18 59 124 124
rsanti.10.jpg 1 25 61 123 123
rsanti.11.jpg 1 21 59 123 123
rsanti.12.jpg 1 26 58 125 125
rsanti.13.jpg 1 26 57 126 126
rsanti.14.jpg 1 24 54 127 127
rsanti.15.jpg 1 25 54 126 126
rsanti.16.jpg 1 27 53 126 126
rsanti.17.jpg 1 28 51 126 126
rsanti.18.jpg 1 28 54 125 125
rsanti.2.jpg 1 17 62 122 122
rsanti.20.jpg 1 26 52 127 127
rsanti.3.jpg 1 19 62 120 120
rsanti.4.jpg 1 19 62 121 121
rsanti.5.jpg 1 24 61 121 121
rsanti.6.jpg 1 22 63 121 121
rsanti.7.jpg 1 23 63 121 121
rsanti.8.jpg 1 25 62 122 122
rsanti.9.jpg 1 24 61 123 123
saduah.1.jpg 1 18 44 134 134
saduah.10.jpg 1 19 44 134 134
saduah.11.jpg 1 18 43 136 136
saduah.12.jpg 1 19 44 135 135
saduah.13.jpg 1 19 45 133 133
saduah.14.jpg 1 18 42 137 137
saduah.15.jpg 1 18 44 135 135
saduah.16.jpg 1 18 45 133 133
saduah.17.jpg 1 17 46 133 133
saduah.18.jpg 1 16 44 135 135
saduah.19.jpg 1 17 44 136 136
saduah.2.jpg 1 18 44 134 134
saduah.20.jpg 1 16 43 137 137
saduah.3.jpg 1 18 44 135 135
saduah.4.jpg 1 18 42 136 136
saduah.5.jpg 1 18 43 136 136
saduah.6.jpg 1 17 43 136 136
saduah.7.jpg 1 18 43 136 136
saduah.8.jpg 1 17 43 136 136
saduah.9.jpg 1 17 44 135 135
saedwa.1.jpg 1 23 60 118 118
saedwa.11.jpg 1 24 56 119 119
saedwa.12.jpg 1 20 54 124 124
saedwa.13.jpg 1 25 58 118 118
saedwa.14.jpg 1 23 55 121 121
saedwa.15.jpg 1 23 55 122 122
saedwa.17.jpg 1 23 54 124 124
saedwa.18.jpg 1 21 53 127 127
saedwa.2.jpg 1 18 56 123 123
saedwa.20.jpg 1 22 55 124 124
saedwa.3.jpg 1 18 56 123 123
saedwa.4.jpg 1 19 58 121 121
saedwa.5.jpg 1 18 58 120 120
saedwa.6.jpg 1 20 58 121 121
saedwa.7.jpg 1 19 56 124 124
saedwa.8.jpg 1 19 57 123 123
saedwa.9.jpg 1 24 56 120 120
sandm.1.jpg 1 24 53 125 125
sandm.10.jpg 1 23 56 126 126
sandm.11.jpg 1 22 57 125 125
sandm.12.jpg 1 23 57 124 124
sandm.13.jpg 1 22 55 129 129
sandm.14.jpg 1 21 58 125 125
sandm.16.jpg 1 22 59 124 124
sandm.17.jpg 1 23 60 124 124
sandm.18.jpg 1 23 60 124 124
sandm.19.jpg 1 24 58 124 124
sandm.2.jpg 1 23 54 125 125
sandm.20.jpg 1 23 56 128 128
sandm.3.jpg 1 21 53 128 128
sandm.4.jpg 1 24 55 124 124
sandm.6.jpg 1 23 52 127 127
sandm.8.jpg 1 21 52 130 130
sandm.9.jpg 1 19 55 126 126
sbains.1.jpg 1 28 70 114 114
sbains.10.jpg 1 30 69 115 115
sbains.11.jpg 1 29 64 116 116
sbains.12.jpg 1 26 61 120 120
sbains.13.jpg 1 26 67 118 118
sbains.14.jpg 1 24 64 123 123
sbains.15.jpg 1 24 61 124 124
sbains.16.jpg 1 22 62 125 125
sbains.17.jpg 1 25 65 123 123
sbains.18.jpg 1 17 52 135 135
sbains.19.jpg 1 22 61 129 129
sbains.2.jpg 1 25 65 122 122
sbains.20.jpg 1 28 65 122 122
sbains.3.jpg 1 28 66 120 120
sbains.4.jpg 1 27 66 120 120
sbains.5.jpg 1 28 66 119 119
sbains.6.jpg 1 26 66 120 120
sbains.7.jpg 1 26 66 119 119
sbains.8.jpg 1 22 60 128 128
sbains.9.jpg 1 29 68 117 117
sbains.jpg 1 28 70 114 114
sidick.1.jpg 1 26 58 128 128
sidick.10.jpg 1 24 57 127 127
sidick.11.jpg 1 25 59 125 125
sidick.12.jpg 1 24 58 127 127
sidick.13.jpg 1 24 57 127 127
sidick.15.jpg 1 26 59 126 126
sidick.16.jpg 1 23 57 129 129
sidick.17.jpg 1 24 59 127 127
sidick.18.jpg 1 23 57 130 130
sidick.19.jpg 1 23 56 130 130
sidick.2.jpg 1 25 58 128 128
sidick.20.jpg 1 23 57 128 128
sidick.3.jpg 1 22 59 129 129
sidick.4.jpg 1 23 57 128 128
sidick.5.jpg 1 24 57 128 128
sidick.6.jpg 1 26 59 124 124
sidick.7.jpg 1 23 56 129 129
sidick.8.jpg 1 23 58 130 130
sidick.9.jpg 1 24 57 129 129
sjbeck.1.jpg 1 22 60 123 123
sjbeck.10.jpg 1 24 58 125 125
sjbeck.11.jpg 1 25 57 127 127
sjbeck.12.jpg 1 27 59 125 125
sjbeck.13.jpg 1 27 62 122 122
sjbeck.14.jpg 1 27 62 122 122
sjbeck.15.jpg 1 25 57 128 128
sjbeck.16.jpg 1 26 57 127 127
sjbeck.17.jpg 1 26 57 127 127
sjbeck.18.jpg 1 28 58 125 125
sjbeck.19.jpg 1 26 58 126 126
sjbeck.2.jpg 1 21 57 126 126
sjbeck.20.jpg 1 28 58 126 126
sjbeck.3.jpg 1 21 58 126 126
sjbeck.4.jpg 1 21 58 124 124
sjbeck.5.jpg 1 21 58 124 124
sjbeck.6.jpg 1 22 58 125 125
sjbeck.8.jpg 1 24 58 126 126
sjbeck.9.jpg 1 24 59 125 125
skumar.1.jpg 1 19 68 115 115
skumar.10.jpg 1 21 70 115 115
skumar.11.jpg 1 22 67 117 117
skumar.12.jpg 1 25 68 115 115
skumar.13.jpg 1 27 70 115 115
skumar.14.jpg 1 27 69 115 115
skumar.15.jpg 1 27 64 120 120
skumar.16.jpg 1 32 67 118 118
skumar.17.jpg 1 34 68 115 115
skumar.18.jpg 1 35 68 117 117
skumar.19.jpg 1 34 67 116 116
skumar.2.jpg 1 21 69 114 114
skumar.20.jpg 1 38 69 114 114
skumar.3.jpg 1 22 70 114 114
skumar.5.jpg 1 15 66 118 118
skumar.6.jpg 1 17 65 118 118
skumar.7.jpg 1 20 68 117 117
skumar.8.jpg 1 22 71 112 112
skumar.9.jpg 1 23 72 113 113
slbirc.1.jpg 1 10 63 122 122
slbirc.10.jpg 1 30 51 129 129
slbirc.11.jpg 1 23 51 131 131
slbirc.12.jpg 1 23 53 131 131
slbirc.13.jpg 1 24 51 131 131
slbirc.14.jpg 1 27 49 129 129
slbirc.15.jpg 1 31 49 128 128
slbirc.16.jpg 1 29 46 130 130
slbirc.17.jpg 1 28 44 131 131
slbirc.18.jpg 1 31 47 129 129
slbirc.19.jpg 1 32 48 128 128
slbirc.2.jpg 1 9 64 122 122
slbirc.20.jpg 1 31 50 128 128
slbirc.3.jpg 1 9 66 120 120
slbirc.4.jpg 1 9 65 121 121
slbirc.5.jpg 1 10 64 121 121
slbirc.6.jpg 1 15 62 123 123
slbirc.7.jpg 1 18 62 124 124
slbirc.8.jpg 1 22 63 123 123
slbirc.9.jpg 1 27 54 126 126
slbirc.jpg 1 10 63 122 122
smrobb.1.jpg 1 15 49 133 133
smrobb.10.jpg 1 10 45 138 138
smrobb.11.jpg 1 11 44 134 134
smrobb.12.jpg 1 12 45 130 130
smrobb.13.jpg 1 11 44 134 134
smrobb.14.jpg 1 13 44 132 132
smrobb.15.jpg 1 14 46 130 130
smrobb.16.jpg 1 14 48 131 131
smrobb.17.jpg 1 15 48 132 132
smrobb.18.jpg 1 17 49 132 132
smrobb.19.jpg 1 17 48 132 132
smrobb.2.jpg 1 14 50 130 130
smrobb.20.jpg 1 16 49 132 132
smrobb.3.jpg 1 13 50 130 130
smrobb.4.jpg 1 13 50 129 129
smrobb.5.jpg 1 15 50 130 130
smrobb.8.jpg 1 12 48 133 133
smrobb.9.jpg 1 13 43 134 134
spacl.1.jpg 1 15 29 136 136
spacl.10.jpg 1 12 27 147 147
spacl.11.jpg 1 20 29 141 141
spacl.13.jpg 1 23 30 134 134
spacl.16.jpg 1 21 28 135 135
spacl.17.jpg 1 20 28 139 139
spacl.19.jpg 1 19 27 142 142
spacl.20.jpg 1 21 28 140 140
spacl.3.jpg 1 15 31 134 134
spacl.4.jpg 1 13 31 135 135
spacl.5.jpg 1 10 26 144 144
spacl.6.jpg 1 9 27 146 146
spacl.8.jpg 1 13 30 138 138
spacl.9.jpg 1 12 28 143 143
spletc.1.jpg 1 27 52 125 125
spletc.10.jpg 1 31 55 121 121
spletc.11.jpg 1 32 54 119 119
spletc.12.jpg 1 33 54 120 120
spletc.13.jpg 1 33 56 117 117
spletc.14.jpg 1 32 54 120 120
spletc.15.jpg 1 30 55 121 121
spletc.17.jpg 1 29 54 123 123
spletc.18.jpg 1 28 53 123 123
spletc.19.jpg 1 30 55 121 121
spletc.2.jpg 1 28 53 124 124
spletc.20.jpg 1 30 53 123 123
spletc.4.jpg 1 28 53 125 125
spletc.5.jpg 1 28 53 125 125
spletc.6.jpg 1 29 54 123 123
spletc.7.jpg 1 30 54 124 124
spletc.8.jpg 1 29 53 122 122
spletc.9.jpg 1 30 53 121 121
svkriz.1.jpg 1 32 52 126 126
svkriz.10.jpg 1 27 53 126 126
svkriz.12.jpg 1 32 54 125 125
svkriz.13.jpg 1 31 52 126 126
svkriz.14.jpg 1 29 50 128 128
svkriz.15.jpg 1 27 47 129 129
svkriz.16.jpg 1 27 48 131 131
svkriz.17.jpg 1 31 51 124 124
svkriz.18.jpg 1 29 48 129 129
svkriz.19.jpg 1 33 52 125 125
svkriz.2.jpg 1 26 50 129 129
svkriz.20.jpg 1 32 51 128 128
svkriz.3.jpg 1 22 51 130 130
svkriz.4.jpg 1 21 50 130 130
svkriz.5.jpg 1 22 49 130 130
svkriz.6.jpg 1 22 52 129 129
svkriz.7.jpg 1 25 52 128 128
svkriz.8.jpg 1 26 53 126 126
svkriz.9.jpg 1 28 54 124 124
swewin.1.jpg 1 34 60 117 117
swewin.10.jpg 1 32 60 117 117
swewin.11.jpg 1 30 59 119 119
swewin.12.jpg 1 28 57 119 119
swewin.13.jpg 1 30 60 118 118
swewin.14.jpg 1 31 60 116 116
swewin.15.jpg 1 30 59 118 118
swewin.16.jpg 1 31 60 119 119
swewin.17.jpg 1 30 60 120 120
swewin.18.jpg 1 33 61 115 115
swewin.19.jpg 1 32 60 118 118
swewin.2.jpg 1 34 61 116 116
swewin.20.jpg 1 32 60 117 117
swewin.3.jpg 1 33 59 119 119
swewin.4.jpg 1 34 60 116 116
swewin.6.jpg 1 32 61 116 116
swewin.7.jpg 1 31 61 116 116
swewin.8.jpg 1 31 59 120 120
swewin.9.jpg 1 32 61 117 117
swsmit.1.jpg 1 30 48 124 124
swsmit.10.jpg 1 30 44 123 123
swsmit.11.jpg 1 33 45 121 121
swsmit.12.jpg 1 31 45 122 122
swsmit.13.jpg 1 30 44 124 124
swsmit.14.jpg 1 32 44 123 123
swsmit.15.jpg 1 30 45 125 125
swsmit.16.jpg 1 32 44 122 122
swsmit.17.jpg 1 33 46 122 122
swsmit.18.jpg 1 32 44 123 123
swsmit.19.jpg 1 34 45 120 120
swsmit.2.jpg 1 32 46 125 125
swsmit.20.jpg 1 35 47 120 120
swsmit.3.jpg 1 33 49 124 124
swsmit.4.jpg 1 33 48 124 124
swsmit.5.jpg 1 30 48 123 123
swsmit.6.jpg 1 30 49 123 123
swsmit.7.jpg 1 31 49 124 124
swsmit.8.jpg 1 29 48 125 125
swsmit.9.jpg 1 32 45 118 118
tony.1.jpg 1 38 39 127 127
tony.10.jpg 1 12 42 137 137
tony.11.jpg 1 6 49 129 129
tony.12.jpg 1 20 40 135 135
tony.14.jpg 1 18 42 135 135
tony.15.jpg 1 8 48 125 125
tony.16.jpg 1 3 49 126 126
tony.17.jpg 1 6 51 123 123
tony.18.jpg 1 11 40 138 138
tony.20.jpg 1 30 44 135 135
tony.4.jpg 1 20 46 135 135
tony.5.jpg 1 20 42 137 137
tony.7.jpg 1 2 50 123 123
tony.8.jpg 1 9 50 124 124
tony.9.jpg 1 22 41 138 138
voudcx.1.jpg 1 25 64 121 121
voudcx.10.jpg 1 24 55 128 128
voudcx.12.jpg 1 25 57 127 127
voudcx.13.jpg 1 27 55 127 127
voudcx.14.jpg 1 25 52 128 128
voudcx.16.jpg 1 20 56 126 126
voudcx.18.jpg 1 29 61 122 122
voudcx.19.jpg 1 26 58 125 125
voudcx.20.jpg 1 27 62 123 123
voudcx.3.jpg 1 28 64 121 121
voudcx.5.jpg 1 28 64 121 121
voudcx.7.jpg 1 28 64 122 122
voudcx.8.jpg 1 29 64 121 121
vpsavo.1.jpg 1 28 56 126 126
vpsavo.11.jpg 1 27 56 127 127
vpsavo.12.jpg 1 23 55 128 128
vpsavo.13.jpg 1 22 54 130 130
vpsavo.14.jpg 1 26 56 128 128
vpsavo.15.jpg 1 25 55 128 128
vpsavo.16.jpg 1 23 56 128 128
vpsavo.17.jpg 1 24 56 128 128
vpsavo.18.jpg 1 23 55 127 127
vpsavo.2.jpg 1 28 55 126 126
vpsavo.20.jpg 1 26 56 128 128
vpsavo.3.jpg 1 26 55 129 129
vpsavo.4.jpg 1 26 54 129 129
vpsavo.5.jpg 1 26 55 128 128
vpsavo.6.jpg 1 25 54 129 129
vpsavo.7.jpg 1 27 55 127 127
vpsavo.8.jpg 1 25 53 131 131
vpsavo.9.jpg 1 26 55 127 127
vstros.1.jpg 1 24 44 131 131
vstros.10.jpg 1 25 53 132 132
vstros.11.jpg 1 28 53 129 129
vstros.12.jpg 1 25 51 131 131
vstros.13.jpg 1 24 51 132 132
vstros.14.jpg 1 25 51 132 132
vstros.15.jpg 1 27 52 129 129
vstros.16.jpg 1 26 52 130 130
vstros.17.jpg 1 27 53 129 129
vstros.18.jpg 1 27 48 129 129
vstros.19.jpg 1 28 53 130 130
vstros.2.jpg 1 25 49 131 131
vstros.20.jpg 1 29 50 130 130
vstros.3.jpg 1 20 49 133 133
vstros.4.jpg 1 19 47 134 134
vstros.5.jpg 1 22 47 134 134
vstros.6.jpg 1 21 48 133 133
vstros.7.jpg 1 23 50 132 132
vstros.8.jpg 1 23 51 131 131
vstros.9.jpg 1 24 52 131 131
vstros.jpg 1 24 44 131 131
whussa.11.jpg 1 18 33 150 150
whussa.15.jpg 1 15 28 153 153
whussa.16.jpg 1 24 40 142 142
whussa.2.jpg 1 17 31 150 150
whussa.4.jpg 1 16 30 148 148
whussa.5.jpg 1 16 29 151 151
whussa.6.jpg 1 17 34 148 148
whussa.7.jpg 1 19 33 148 148
whussa.8.jpg 1 18 32 148 148
wjalbe.1.jpg 1 23 55 118 118
wjalbe.10.jpg 1 32 52 122 122
wjalbe.11.jpg 1 33 55 117 117
wjalbe.13.jpg 1 32 54 118 118
wjalbe.15.jpg 1 34 54 119 119
wjalbe.17.jpg 1 36 54 116 116
wjalbe.18.jpg 1 36 55 117 117
wjalbe.19.jpg 1 37 56 116 116
wjalbe.2.jpg 1 25 55 117 117
wjalbe.3.jpg 1 25 55 119 119
wjalbe.5.jpg 1 25 53 119 119
wjalbe.7.jpg 1 29 56 117 117
wjalbe.8.jpg 1 29 55 118 118
wjalbe.9.jpg 1 31 53 118 118
yfhsie.1.jpg 1 19 50 129 129
yfhsie.10.jpg 1 24 51 129 129
yfhsie.11.jpg 1 20 51 130 130
yfhsie.12.jpg 1 22 51 130 130
yfhsie.13.jpg 1 22 51 129 129
yfhsie.14.jpg 1 24 52 127 127
yfhsie.15.jpg 1 20 52 128 128
yfhsie.16.jpg 1 22 51 129 129
yfhsie.17.jpg 1 24 51 127 127
yfhsie.18.jpg 1 22 49 129 129
yfhsie.19.jpg 1 24 50 128 128
yfhsie.2.jpg 1 17 46 130 130
yfhsie.20.jpg 1 24 52 130 130
yfhsie.3.jpg 1 18 47 131 131
yfhsie.4.jpg 1 18 46 129 129
yfhsie.5.jpg 1 18 48 130 130
yfhsie.6.jpg 1 18 48 131 131
yfhsie.7.jpg 1 17 52 127 127
yfhsie.8.jpg 1 20 52 126 126
yfhsie.9.jpg 1 22 51 126 126
yfhsie.jpg 1 19 50 129 129
