1.jpg 19 675 137 47 47
428 206 55 55
742 131 50 50
92 143 49 49
965 166 58 58
287 197 60 60
957 250 60 60
925 115 48 48
258 150 54 54
394 330 68 68
824 334 89 89
892 230 90 90
579 273 77 77
1120 184 74 74
294 331 96 96
1041 296 103 103
729 368 107 107
341 482 145 145
2 501 134 134
10.jpg 29 269 170 45 45
591 175 44 44
136 175 44 44
333 9 43 43
400 14 46 46
592 10 43 43
206 87 44 44
530 11 45 45
9 17 42 42
266 18 46 46
463 15 45 45
406 89 50 50
6 164 46 46
399 166 46 46
136 8 47 47
4 84 50 50
74 10 46 46
459 83 51 51
202 164 45 45
459 164 48 48
71 165 49 49
201 8 51 51
133 84 52 52
526 164 50 50
70 91 50 50
333 171 44 44
525 91 51 51
333 96 52 52
264 91 57 57
11.jpg 21 363 325 68 68
105 77 78 78
603 1085 68 68
869 1092 73 73
102 580 70 70
365 60 71 71
352 825 69 69
607 316 70 70
863 327 76 76
856 65 65 65
1111 69 79 79
92 1084 74 74
100 822 74 74
1115 828 76 76
605 566 74 74
1132 316 70 70
864 577 75 75
614 70 75 75
359 1086 82 82
840 833 78 78
1114 560 81 81
12.jpg 37 1130 966 59 59
780 1214 103 103
617 1196 129 129
310 1567 120 120
1282 83 118 118
303 78 137 137
1570 445 126 126
534 468 120 120
1101 61 135 135
55 70 135 135
1569 79 128 128
563 1559 129 129
1302 1564 140 140
58 1195 131 131
305 1204 133 133
1351 804 133 133
1545 810 134 134
805 811 139 139
1062 436 132 132
827 1547 127 127
549 69 141 141
805 78 138 138
1813 1564 142 142
1556 1575 136 136
1562 1187 131 131
1810 68 148 148
1061 1202 132 132
1321 1198 133 133
1806 1203 138 138
324 808 140 140
1043 813 146 146
1310 451 139 139
1808 451 139 139
52 452 139 139
803 467 129 129
553 831 141 141
513 653 211 211
13.jpg 79 453 650 43 43
2199 878 37 37
3179 1464 41 41
3069 74 48 48
201 2047 47 47
2465 900 48 48
1842 1181 47 47
549 1199 46 46
593 80 55 55
470 2018 53 53
1150 2028 52 52
1480 2024 62 62
858 601 49 49
531 615 51 51
3329 630 50 50
3140 90 60 60
89 2026 52 52
1992 2019 65 65
3542 917 61 61
2333 963 50 50
855 1728 54 54
2848 611 64 64
1727 65 67 67
3359 90 55 55
1849 2037 75 75
1031 313 60 60
3412 916 73 73
832 347 61 61
747 1148 58 58
895 1159 62 62
1718 1157 82 82
2834 1183 75 75
55 88 60 60
2099 671 80 80
2686 891 79 79
3054 351 72 72
2367 349 81 81
1470 635 81 81
3809 1188 96 96
3458 1184 101 101
1417 1197 96 96
2200 2012 72 72
2442 1248 78 78
96 1852 77 77
2485 329 77 77
21 1478 82 82
875 1984 77 77
757 1464 94 94
3779 1474 88 88
1035 897 108 108
1550 1186 107 107
1085 614 112 112
2763 1771 90 90
1414 75 87 87
2165 1437 91 91
1060 344 113 113
3783 901 107 107
3757 370 109 109
581 931 97 97
1179 961 104 104
144 1760 101 101
1176 724 104 104
464 1438 122 122
2096 85 162 162
345 892 106 106
153 1135 151 151
993 77 160 160
2771 352 176 176
1679 914 151 151
63 637 142 142
3761 82 144 144
2661 1437 176 176
3406 1441 192 192
1341 900 156 156
2783 1967 178 178
2990 1143 193 193
778 54 196 196
1751 594 195 195
3490 82 198 198
14.jpg 27 123 19 53 53
579 26 51 51
211 197 58 58
386 107 57 57
293 25 53 53
116 294 55 55
102 381 60 60
299 288 57 57
197 109 62 62
16 377 65 65
381 20 62 62
377 288 64 64
282 197 66 66
13 107 62 62
374 201 63 63
190 15 63 63
470 109 62 62
465 18 65 65
16 23 55 55
453 374 65 65
560 374 62 62
293 380 62 62
548 197 65 65
185 282 68 68
11 289 59 59
282 99 73 73
462 182 75 75
15.jpg 25 16 17 48 48
357 261 47 47
252 24 49 49
272 103 50 50
15 189 50 50
349 350 51 51
99 269 50 50
104 361 46 46
263 270 52 52
182 24 49 49
178 184 52 52
11 350 49 49
265 351 48 48
181 275 51 51
103 100 52 52
344 103 51 51
12 104 52 52
179 103 50 50
98 16 51 51
350 17 51 51
180 357 51 51
12 270 50 50
261 186 54 54
345 192 52 52
98 183 58 58
16.jpg 94 1996 791 54 54
1732 262 56 56
2373 798 50 50
2251 60 50 50
34 55 63 63
2112 417 55 55
1073 434 50 50
2123 247 55 55
294 443 50 50
1595 255 57 57
1590 786 53 53
2119 578 55 55
42 584 63 63
2379 591 53 53
1473 595 55 55
685 603 56 56
425 608 54 54
1592 608 59 59
1732 609 55 55
1192 618 61 61
423 62 58 58
1076 71 52 52
1605 73 53 53
1985 76 53 53
815 80 56 56
161 414 58 58
950 416 55 55
39 420 59 59
555 431 56 56
685 802 56 56
942 775 61 61
2251 776 59 59
34 779 60 60
1724 791 55 55
2371 239 60 60
39 244 54 54
1988 246 53 53
426 253 53 53
1337 422 54 54
939 215 56 56
2245 425 60 60
683 435 58 58
814 437 57 57
1464 438 52 52
2367 434 61 61
1202 237 67 67
162 245 61 61
2370 26 64 64
1336 251 57 57
1086 258 53 53
1202 42 65 65
2246 261 57 57
162 54 58 58
1730 54 53 53
946 59 56 56
1460 69 56 56
293 774 65 65
1851 779 63 63
1462 785 60 60
812 787 59 59
1344 760 58 58
168 794 55 55
1075 797 55 55
1857 86 58 58
164 591 64 64
1845 594 58 58
811 597 59 59
2247 601 54 54
553 600 58 58
1985 602 56 56
291 607 58 58
1593 393 61 61
420 394 69 69
946 613 56 56
1720 409 63 63
1985 420 60 60
691 204 61 61
544 237 61 61
1856 238 60 60
672 26 67 67
1462 247 60 60
1329 38 70 70
2109 46 64 64
429 776 64 64
549 779 68 68
282 61 65 65
1327 604 65 65
1074 607 65 65
1207 421 65 65
282 217 75 75
547 49 70 70
2107 749 68 68
1197 756 69 69
1847 394 74 74
17.jpg 48 2364 4700 76 76
3265 4372 80 80
4424 3665 137 137
3982 257 162 162
4120 713 156 156
5093 6182 386 386
4408 7123 387 387
1197 3207 441 441
3636 4168 390 390
5059 4187 443 443
2786 4145 445 445
1977 4157 413 413
441 2159 420 420
1938 6116 490 490
1186 4202 458 458
515 306 494 494
525 6154 480 480
5117 355 399 399
467 7118 451 451
5103 7141 391 391
5134 3222 389 389
1936 3241 435 435
2715 3219 468 468
5090 2193 458 458
2775 2204 505 505
3452 2231 505 505
3485 7014 495 495
4306 387 505 505
1911 7071 485 485
465 5194 454 454
466 1249 458 458
3427 1252 525 525
4144 1233 524 524
497 3267 463 463
4240 4120 462 462
435 4132 475 475
1953 324 486 486
4286 2288 510 510
1176 7073 486 486
5017 1327 498 498
2739 5118 536 536
1184 6087 537 537
2752 241 514 514
1280 5126 507 507
2724 1250 552 552
3422 3177 519 519
1195 278 605 605
5000 5140 533 533
18.jpg 81 677 909 89 89
919 31 74 74
23 755 69 69
679 177 69 69
821 619 69 69
537 619 80 80
165 38 69 69
1194 619 80 80
934 328 88 88
20 327 88 88
274 743 83 83
679 755 70 70
23 175 69 69
274 162 82 82
932 466 86 86
279 328 85 85
1060 334 82 82
686 28 72 72
679 330 86 86
261 28 76 76
821 40 69 69
1065 37 72 72
538 38 78 78
277 1046 83 83
933 1045 86 86
538 1053 85 85
1202 752 78 78
409 758 82 82
543 168 84 84
407 616 72 72
163 617 73 73
1065 616 71 71
22 910 84 84
1062 914 80 80
148 916 87 87
30 26 73 73
30 606 74 74
686 606 74 74
406 34 74 74
278 908 86 86
260 608 79 79
934 909 87 87
403 332 82 82
804 917 86 86
147 335 87 87
805 338 84 84
931 164 84 84
1200 172 81 81
931 743 82 82
277 466 83 83
680 1054 83 83
1037 467 94 94
679 474 84 84
1194 39 81 81
23 1054 81 81
1194 1053 86 86
544 750 82 82
146 1057 90 90
1065 758 83 83
537 470 89 89
22 472 84 84
143 474 97 97
1194 473 86 86
796 474 102 102
410 178 82 82
915 607 83 83
1063 178 86 86
536 899 96 96
403 912 84 84
381 1046 94 94
1036 1046 94 94
380 465 94 94
141 174 97 97
1194 322 88 88
801 1057 91 91
140 754 97 97
796 753 98 98
797 174 99 99
534 316 99 99
1193 900 94 94
378 221 130 130
2.jpg 4 460 199 40 40
53 203 43 43
284 220 42 42
215 133 39 39
3.jpg 2 132 289 50 50
137 132 58 58
4.jpg 8 337 15 53 53
515 55 87 87
304 309 114 114
86 190 99 99
428 96 110 110
204 58 92 92
811 98 155 155
612 87 136 136
5.jpg 22 84 160 49 49
358 62 38 38
395 74 45 45
316 86 38 38
286 137 44 44
249 88 41 41
649 89 43 43
168 101 42 42
166 152 46 46
307 260 52 52
95 91 42 42
497 92 44 44
578 101 41 41
371 123 42 42
435 105 45 45
467 137 44 44
581 147 47 47
219 146 46 46
233 230 55 55
558 404 52 52
384 255 58 58
134 261 59 59
6.jpg 29 248 23 105 105
690 230 128 128
374 24 104 104
610 831 96 96
921 590 113 113
3 24 92 92
124 21 120 120
1175 200 106 106
495 315 123 123
948 25 115 115
778 49 108 108
1057 59 119 119
633 383 166 166
636 71 117 117
1013 228 115 115
460 523 142 142
1157 406 128 128
16 189 122 122
196 195 121 121
541 12 117 117
266 377 146 146
303 614 176 176
1000 454 127 127
398 215 133 133
847 236 122 122
28 446 147 147
1086 591 171 171
612 639 164 164
114 594 211 211
7.jpg 25 97 82 115 115
343 88 107 107
339 324 113 113
97 584 116 116
571 585 128 128
111 1066 111 111
343 1070 116 116
1077 1074 116 116
337 823 119 119
591 837 119 119
1079 578 127 127
834 339 114 114
103 343 121 121
1084 332 117 117
589 343 118 118
587 105 122 122
828 100 128 128
585 1067 120 120
819 1078 126 126
83 818 130 130
819 820 129 129
1077 830 132 132
328 578 131 131
829 573 130 130
1069 92 151 151
8.jpg 11 347 1096 117 117
1120 326 116 116
64 364 121 121
581 348 119 119
588 85 114 114
584 1063 134 134
1088 830 136 136
380 851 109 109
343 341 134 134
820 75 122 122
850 577 140 140
9.jpg 17 2826 1488 53 53
1895 961 51 51
2278 405 122 122
1935 597 141 141
778 120 123 123
1974 394 140 140
1582 449 124 124
1049 575 142 142
2100 725 136 136
1523 889 158 158
1290 263 151 151
988 259 157 157
1739 568 156 156
907 1323 143 143
1259 857 186 186
2402 796 187 187
2738 1788 180 180
imageHeadOnly1.jpg 1 60 189 438 438
imageHeadOnly2.jpg 1 75 197 434 434
imageHeadOnly3.jpg 1 57 182 458 458
imageHeadOnly5.jpg 1 54 185 445 445
imageHeadOnly6.jpg 1 76 187 439 439
imageHeadOnly7.jpg 1 72 187 463 463
imageHeadOnly8.jpg 1 70 188 444 444
imageHeadOnly9.jpg 1 68 191 435 435
IMG_0529.JPG 1 295 87 181 181
IMG_0530.JPG 1 215 204 159 159
